0.335765
0.336078
0.337030
0.336451
0.337343
0.337079
0.337461
0.337294
0.337716
0.338490
0.337392
0.335726
0.334118
0.330118
0.327196
0.325725
0.324382
0.321627
0.316569
0.312284
0.308382
0.304029
0.301627
0.295882
0.289539
0.283392
0.273039
0.265363
0.259627
0.254961
0.254647
0.253569
0.253206
0.250824
0.248520
0.248059
0.251225
0.255137
0.256314
0.257971
0.262186
0.267147
0.271676
0.275196
0.280421
0.291078
0.297520
0.300637
0.304823
0.311402
0.317020
0.325353
0.332117
0.334843
0.335176
0.334598
0.335804
0.338892
0.341127
0.343167
0.345480
0.342637
0.338245
0.337000
0.333029
0.330735
0.329745
0.322961
0.313314
0.309481
0.308824
0.303892
0.297265
0.288324
0.284588
0.284755
0.282980
0.281451
0.280657
0.276980
0.277235
0.274118
0.273833
0.273843
0.272980
0.272667
0.271471
0.270824
0.271186
0.269980
0.267412
0.266245
0.266206
0.268128
0.272353
0.279441
0.280637
0.286128
0.289941
0.291147
0.291265
0.295451
0.299912
0.305745
0.313922
0.323451
0.336657
0.351216
0.360343
0.371696
0.385755
0.394226
0.335618
0.336745
0.336628
0.336520
0.337333
0.338225
0.337863
0.338206
0.336912
0.335402
0.333059
0.331922
0.330461
0.327784
0.325559
0.320745
0.315176
0.310971
0.306157
0.301853
0.297373
0.290343
0.285922
0.278549
0.272098
0.262824
0.255667
0.248775
0.244186
0.243225
0.242216
0.242147
0.240539
0.238373
0.239196
0.243245
0.246529
0.251108
0.251892
0.251686
0.256951
0.264402
0.270618
0.276745
0.281618
0.285990
0.297618
0.311245
0.317108
0.319117
0.325814
0.338343
0.348206
0.350265
0.354265
0.357863
0.366706
0.373912
0.378167
0.379814
0.378422
0.378882
0.375912
0.368167
0.361873
0.353892
0.347804
0.342392
0.334510
0.324588
0.316637
0.312029
0.305353
0.296510
0.290804
0.288686
0.283774
0.278951
0.277000
0.274402
0.272196
0.272667
0.272735
0.271745
0.271196
0.269480
0.268706
0.268314
0.269980
0.270373
0.267030
0.265902
0.266441
0.270471
0.275686
0.279167
0.281657
0.287029
0.289059
0.290167
0.291824
0.294961
0.298598
0.306451
0.314882
0.323451
0.338088
0.349638
0.359981
0.372736
0.387696
0.403314
0.337000
0.337029
0.337549
0.336941
0.336490
0.337235
0.335941
0.335980
0.334765
0.332539
0.331294
0.329216
0.326363
0.322020
0.316588
0.313186
0.306431
0.300304
0.296627
0.292853
0.284177
0.276824
0.271480
0.265480
0.255931
0.251774
0.247088
0.243471
0.239745
0.237608
0.236147
0.235059
0.234922
0.236049
0.237912
0.240990
0.244941
0.245049
0.246471
0.252451
0.259137
0.262686
0.268029
0.273333
0.281971
0.289598
0.299794
0.310569
0.321059
0.332108
0.340549
0.348137
0.348843
0.355755
0.358559
0.365922
0.374059
0.381010
0.387872
0.391519
0.397529
0.399245
0.398206
0.393235
0.386255
0.382471
0.379049
0.376873
0.369608
0.356549
0.343304
0.330559
0.320627
0.310421
0.302019
0.292951
0.288284
0.284167
0.280000
0.277206
0.274637
0.272265
0.269520
0.268098
0.268618
0.268735
0.267873
0.267314
0.268098
0.267098
0.264765
0.265030
0.269118
0.274569
0.276402
0.280481
0.282579
0.288334
0.287912
0.289353
0.291843
0.297030
0.302128
0.310353
0.314520
0.324382
0.341304
0.354108
0.367108
0.380608
0.396873
0.410843
0.336725
0.336618
0.337549
0.336971
0.336490
0.335755
0.335363
0.333833
0.332882
0.331441
0.329471
0.325961
0.319147
0.316020
0.311265
0.304578
0.301265
0.294696
0.288559
0.282265
0.276931
0.266588
0.260980
0.254451
0.252216
0.249814
0.245990
0.243314
0.242853
0.240716
0.238676
0.241706
0.240470
0.241598
0.243784
0.243333
0.245843
0.246431
0.249206
0.251176
0.251657
0.257167
0.265402
0.277892
0.286147
0.291010
0.293588
0.301216
0.312461
0.323431
0.331490
0.352814
0.356941
0.362559
0.369716
0.377873
0.389019
0.398441
0.404539
0.407735
0.413157
0.416892
0.418010
0.416030
0.415010
0.410294
0.403402
0.402932
0.401980
0.395088
0.382118
0.364843
0.349755
0.333108
0.320402
0.309941
0.300392
0.292088
0.287255
0.282608
0.279510
0.274980
0.271657
0.267873
0.268235
0.269637
0.270176
0.266873
0.266451
0.264735
0.267265
0.269598
0.272284
0.275431
0.275304
0.279402
0.280726
0.284402
0.287029
0.287412
0.291039
0.298618
0.306784
0.310030
0.318000
0.329255
0.346059
0.357304
0.370471
0.383039
0.399716
0.409706
0.337275
0.337755
0.337608
0.335834
0.334735
0.335716
0.334627
0.333392
0.330951
0.328314
0.325176
0.319324
0.315294
0.310598
0.305402
0.299637
0.290382
0.286902
0.284892
0.279147
0.270980
0.264471
0.255961
0.250284
0.248431
0.247333
0.249735
0.250480
0.252824
0.247892
0.250000
0.251667
0.255167
0.256667
0.254441
0.254882
0.254441
0.254039
0.253804
0.255069
0.258324
0.263314
0.272990
0.284127
0.286941
0.292627
0.296637
0.304637
0.313098
0.325931
0.331745
0.346549
0.361980
0.370353
0.380735
0.390078
0.406147
0.418843
0.427941
0.435588
0.445735
0.448471
0.452922
0.456892
0.458569
0.456363
0.447853
0.438030
0.428814
0.420745
0.412726
0.403157
0.388814
0.370784
0.349892
0.330480
0.320059
0.307177
0.296069
0.290451
0.285216
0.278510
0.276922
0.272079
0.268706
0.268882
0.267971
0.267686
0.265088
0.266078
0.267549
0.268843
0.269206
0.269745
0.272892
0.276951
0.276686
0.281275
0.282059
0.284118
0.292216
0.304677
0.311539
0.317491
0.323294
0.336314
0.354363
0.363638
0.372471
0.392147
0.405245
0.410314
0.338088
0.337226
0.336451
0.336304
0.335510
0.332794
0.330892
0.329206
0.328039
0.324804
0.318568
0.314392
0.309304
0.304921
0.297843
0.290088
0.285755
0.283186
0.278618
0.275157
0.271755
0.263853
0.257314
0.259735
0.259510
0.259569
0.260814
0.263255
0.266510
0.268882
0.271245
0.272755
0.272382
0.271402
0.268618
0.268980
0.268343
0.267745
0.268186
0.268529
0.271755
0.276147
0.283284
0.288480
0.294686
0.305137
0.313304
0.319294
0.324118
0.328059
0.340206
0.354608
0.361127
0.372245
0.388735
0.401216
0.416294
0.430382
0.441883
0.449794
0.459235
0.471912
0.479372
0.481530
0.482245
0.479618
0.481079
0.472402
0.466863
0.454618
0.439490
0.423716
0.412637
0.398196
0.380824
0.361128
0.345500
0.334137
0.321814
0.304931
0.295735
0.289922
0.285049
0.280765
0.276255
0.271618
0.268902
0.265519
0.268441
0.269431
0.267147
0.266176
0.265323
0.266029
0.264951
0.265941
0.267451
0.273373
0.282951
0.292167
0.298667
0.304863
0.307059
0.312029
0.323206
0.335392
0.348667
0.362735
0.372716
0.388236
0.402559
0.414971
0.337784
0.337010
0.337059
0.336186
0.334490
0.332735
0.328118
0.326755
0.323432
0.317343
0.315216
0.311186
0.305127
0.298333
0.292637
0.287137
0.281657
0.279902
0.277128
0.273324
0.269470
0.269647
0.270382
0.271598
0.271990
0.274853
0.279657
0.283147
0.285500
0.287990
0.288863
0.290294
0.290990
0.290461
0.288167
0.285931
0.287843
0.288529
0.288765
0.292265
0.293275
0.296961
0.300412
0.307774
0.308647
0.317637
0.326196
0.331304
0.340902
0.347294
0.357402
0.366353
0.375284
0.386941
0.394598
0.404931
0.417255
0.430029
0.441696
0.455500
0.467686
0.476196
0.482147
0.489941
0.492941
0.498363
0.494059
0.490176
0.486088
0.480677
0.471843
0.461216
0.443392
0.427206
0.411441
0.391186
0.371530
0.357206
0.343549
0.330274
0.316657
0.306382
0.299814
0.293500
0.285676
0.276216
0.271392
0.273804
0.272363
0.266990
0.263647
0.262618
0.259706
0.260235
0.260922
0.264235
0.268755
0.275873
0.284275
0.287981
0.292373
0.299324
0.302745
0.309716
0.321598
0.330196
0.342951
0.357471
0.370510
0.387010
0.403343
0.409157
0.336530
0.337304
0.336373
0.334735
0.333216
0.330353
0.327441
0.322186
0.319794
0.316676
0.313353
0.307245
0.299853
0.295637
0.291274
0.286422
0.282147
0.280167
0.277216
0.277363
0.278353
0.277863
0.282235
0.284275
0.285971
0.292853
0.295667
0.301422
0.307098
0.309137
0.311882
0.311706
0.310422
0.310539
0.310912
0.311049
0.310461
0.310206
0.311922
0.315334
0.317235
0.319637
0.323294
0.324990
0.329314
0.331706
0.336049
0.342206
0.355735
0.360804
0.362980
0.370137
0.380657
0.392755
0.400931
0.410422
0.421157
0.442549
0.455745
0.464529
0.473755
0.485627
0.493343
0.499883
0.506627
0.511628
0.513637
0.510883
0.508990
0.502823
0.494412
0.484628
0.475647
0.461441
0.443471
0.424608
0.403618
0.385824
0.369981
0.358265
0.341647
0.324059
0.314500
0.308529
0.300765
0.293245
0.287853
0.281216
0.276118
0.272225
0.268363
0.265324
0.262912
0.263608
0.263627
0.269735
0.273922
0.281127
0.285412
0.289059
0.296304
0.302539
0.307735
0.317882
0.330196
0.339432
0.355706
0.371216
0.381147
0.396912
0.410922
0.419637
0.337716
0.335922
0.335510
0.333657
0.330579
0.326373
0.322735
0.319196
0.314794
0.312392
0.310784
0.303941
0.298255
0.291618
0.288637
0.285735
0.284255
0.280725
0.283137
0.287843
0.288804
0.290520
0.299284
0.303471
0.306657
0.314912
0.319843
0.325951
0.328971
0.333245
0.332275
0.333098
0.332530
0.333412
0.334176
0.335314
0.337265
0.338608
0.340745
0.342667
0.342922
0.342530
0.348333
0.355627
0.358069
0.361314
0.362657
0.368833
0.376667
0.383441
0.392559
0.395088
0.399441
0.409471
0.421079
0.429814
0.437823
0.444304
0.458814
0.476716
0.486775
0.495951
0.502725
0.512069
0.517039
0.520843
0.521029
0.517000
0.516294
0.513069
0.510598
0.503304
0.496481
0.491844
0.477745
0.457304
0.436020
0.417176
0.397422
0.379186
0.367480
0.350186
0.333265
0.322765
0.315755
0.309088
0.301569
0.293716
0.286872
0.280402
0.274804
0.270304
0.270843
0.272069
0.274304
0.272971
0.274520
0.282873
0.287971
0.292833
0.300510
0.305461
0.316343
0.328549
0.337196
0.349863
0.367716
0.385118
0.397765
0.408696
0.418481
0.430079
0.337706
0.336383
0.334716
0.333000
0.330520
0.325079
0.318108
0.315961
0.311431
0.307137
0.304343
0.300324
0.293618
0.289088
0.289088
0.286010
0.282814
0.288157
0.292794
0.298637
0.303637
0.311892
0.318990
0.322000
0.329853
0.338245
0.341353
0.346696
0.352608
0.354569
0.354863
0.356824
0.361186
0.360755
0.361481
0.363853
0.367167
0.369745
0.373775
0.376255
0.377637
0.384088
0.386618
0.390147
0.387578
0.388814
0.394706
0.400843
0.406294
0.410765
0.415265
0.418716
0.424402
0.430716
0.440274
0.445980
0.454539
0.459333
0.466373
0.479559
0.495725
0.505373
0.511882
0.519471
0.526382
0.529373
0.532853
0.532677
0.529657
0.524922
0.520873
0.514902
0.507755
0.502696
0.493490
0.477863
0.460353
0.445755
0.426814
0.406755
0.389667
0.374196
0.357569
0.343020
0.331882
0.323755
0.315696
0.308079
0.300647
0.291843
0.286363
0.280529
0.275402
0.271010
0.272382
0.274755
0.280098
0.286922
0.292314
0.299618
0.312226
0.323461
0.329853
0.338206
0.347951
0.359265
0.375647
0.394187
0.408549
0.413265
0.424765
0.436010
0.336745
0.335039
0.332481
0.330029
0.326804
0.321187
0.316892
0.311627
0.309922
0.307225
0.303647
0.296490
0.292461
0.291794
0.287892
0.288382
0.294176
0.301500
0.306971
0.312431
0.320667
0.328137
0.333500
0.339970
0.347657
0.355088
0.365490
0.372500
0.375510
0.379186
0.381490
0.386206
0.391284
0.394961
0.399118
0.403157
0.406667
0.407451
0.406000
0.405971
0.409432
0.415049
0.415177
0.413216
0.415667
0.417402
0.424333
0.431275
0.435706
0.437431
0.437951
0.436951
0.443079
0.447470
0.453441
0.462372
0.470226
0.477225
0.486324
0.494167
0.502931
0.509569
0.513343
0.521931
0.532098
0.535970
0.536324
0.538824
0.539334
0.535716
0.534353
0.528912
0.519177
0.509196
0.500951
0.489314
0.475049
0.457402
0.443196
0.430529
0.412961
0.396138
0.378402
0.364285
0.349588
0.341785
0.334078
0.326667
0.318480
0.308206
0.299500
0.295382
0.291127
0.288686
0.285500
0.284618
0.287275
0.290755
0.300265
0.313706
0.323706
0.329951
0.339598
0.345020
0.353373
0.363579
0.376726
0.388226
0.392422
0.396726
0.408794
0.426265
0.335873
0.333882
0.331265
0.326824
0.322951
0.319510
0.315108
0.310971
0.307902
0.305814
0.301098
0.296402
0.294647
0.294804
0.292980
0.296068
0.304412
0.315755
0.320343
0.326529
0.335059
0.342735
0.351745
0.358696
0.366372
0.375961
0.385794
0.392314
0.399882
0.406451
0.411010
0.418814
0.423235
0.424412
0.430794
0.436255
0.440912
0.443274
0.440481
0.440118
0.444186
0.445775
0.446422
0.447128
0.448686
0.450029
0.451853
0.455069
0.454186
0.455324
0.458255
0.456147
0.461216
0.468049
0.474833
0.481274
0.490157
0.500127
0.509235
0.518804
0.526265
0.533520
0.537068
0.537608
0.542872
0.545402
0.544510
0.546068
0.547480
0.544265
0.541941
0.537363
0.530431
0.519353
0.509343
0.498902
0.486284
0.472686
0.456647
0.445196
0.432176
0.415873
0.401696
0.385647
0.370481
0.359981
0.355098
0.348549
0.341863
0.331863
0.324363
0.316980
0.311961
0.308726
0.306657
0.306843
0.309088
0.309726
0.317480
0.324118
0.335078
0.345569
0.350539
0.358549
0.371481
0.382853
0.386186
0.387520
0.395108
0.407079
0.422628
0.437706
0.333569
0.331431
0.328824
0.325363
0.321921
0.318108
0.313686
0.308637
0.306500
0.302471
0.298343
0.297245
0.296637
0.297990
0.299490
0.307147
0.317657
0.325726
0.334814
0.344196
0.353814
0.360549
0.367274
0.376196
0.388520
0.398843
0.406117
0.414098
0.424667
0.432637
0.442030
0.448853
0.452235
0.457029
0.462029
0.466980
0.467765
0.466314
0.467520
0.470510
0.473432
0.472216
0.475794
0.476167
0.476069
0.472196
0.475196
0.480353
0.474275
0.471333
0.479069
0.482637
0.489892
0.497098
0.500853
0.502383
0.510049
0.522069
0.531510
0.542098
0.552441
0.559892
0.564892
0.563176
0.561784
0.565588
0.563970
0.558578
0.558226
0.554206
0.548147
0.542324
0.535843
0.526490
0.516559
0.510294
0.501588
0.493774
0.483608
0.468941
0.454422
0.435500
0.423235
0.411451
0.399569
0.389569
0.379353
0.370098
0.358579
0.349431
0.341471
0.331961
0.328118
0.326059
0.325402
0.325588
0.325196
0.327932
0.329677
0.339137
0.347883
0.355804
0.366216
0.376167
0.383814
0.392284
0.400461
0.404726
0.410098
0.422157
0.435029
0.444392
0.333069
0.330578
0.326461
0.324382
0.318725
0.313706
0.310392
0.304872
0.300216
0.299118
0.297226
0.300127
0.299628
0.300255
0.309853
0.321079
0.330216
0.341814
0.352323
0.359314
0.367647
0.373441
0.384059
0.394147
0.406794
0.416304
0.427451
0.439049
0.449716
0.460088
0.467294
0.473431
0.479569
0.485177
0.488539
0.492314
0.493186
0.493539
0.495176
0.500324
0.502108
0.504696
0.506578
0.508382
0.505059
0.501892
0.503608
0.502971
0.499098
0.497432
0.497471
0.498431
0.506804
0.514147
0.517902
0.522412
0.532491
0.544853
0.557892
0.566383
0.572735
0.581382
0.586833
0.589363
0.585068
0.586460
0.585853
0.579735
0.571519
0.566843
0.561304
0.551882
0.543353
0.534117
0.524716
0.516108
0.511853
0.504608
0.497265
0.487373
0.474000
0.459480
0.443588
0.431471
0.418549
0.407480
0.396147
0.386872
0.377971
0.367314
0.357686
0.350500
0.344069
0.341618
0.341618
0.340735
0.342069
0.343284
0.347127
0.349981
0.354784
0.365579
0.375461
0.388824
0.394883
0.399422
0.403765
0.409422
0.414471
0.425676
0.444451
0.455559
0.331931
0.328804
0.324853
0.323059
0.317176
0.312078
0.308637
0.301363
0.296618
0.297255
0.298970
0.301020
0.306549
0.316422
0.323480
0.334098
0.344667
0.354598
0.363618
0.373814
0.379363
0.387804
0.400765
0.411363
0.425480
0.437667
0.451000
0.462196
0.473696
0.483941
0.491892
0.497392
0.505176
0.510353
0.515892
0.518275
0.518010
0.516873
0.520039
0.521853
0.525010
0.526882
0.525725
0.525451
0.524569
0.525716
0.526588
0.525324
0.518275
0.512147
0.512882
0.513383
0.516481
0.523177
0.532932
0.537804
0.542491
0.556304
0.566961
0.582608
0.586951
0.594039
0.600676
0.605559
0.603372
0.603010
0.599764
0.599186
0.593068
0.584735
0.577069
0.568696
0.559853
0.549323
0.538373
0.529834
0.522382
0.516461
0.506716
0.498735
0.488716
0.480226
0.467765
0.453235
0.439784
0.425951
0.413392
0.401392
0.390647
0.382235
0.374608
0.368098
0.363883
0.359971
0.359745
0.357843
0.359980
0.357559
0.356245
0.357971
0.362892
0.368059
0.379559
0.389951
0.402324
0.411990
0.414226
0.421167
0.430206
0.438088
0.444412
0.454157
0.330167
0.326245
0.325530
0.321951
0.311755
0.309235
0.304177
0.297167
0.297873
0.297824
0.299990
0.307294
0.315853
0.322735
0.334314
0.343882
0.354422
0.366912
0.377069
0.382216
0.391833
0.405667
0.418392
0.431206
0.446000
0.458039
0.469500
0.480422
0.493255
0.505363
0.514843
0.524412
0.529020
0.532167
0.535823
0.537353
0.537127
0.538245
0.542627
0.543578
0.544020
0.543059
0.540941
0.541284
0.541519
0.539274
0.537520
0.533304
0.527383
0.525902
0.529127
0.527284
0.529314
0.534490
0.541323
0.546019
0.556324
0.566774
0.577893
0.586108
0.595853
0.603226
0.609343
0.612294
0.613226
0.615009
0.609882
0.607990
0.602912
0.596088
0.589078
0.582392
0.571039
0.560804
0.551980
0.542128
0.535001
0.527706
0.522069
0.515020
0.507451
0.496637
0.486873
0.474912
0.462618
0.448882
0.435647
0.422372
0.413451
0.404990
0.395049
0.387294
0.380137
0.378471
0.374775
0.373402
0.370088
0.366098
0.365569
0.367608
0.368471
0.372677
0.378765
0.384284
0.394824
0.402500
0.413932
0.426049
0.434716
0.441618
0.448804
0.457020
0.328922
0.324863
0.321559
0.316372
0.310392
0.306814
0.300392
0.298324
0.298912
0.301324
0.306049
0.317863
0.327872
0.333539
0.344441
0.355265
0.364941
0.378088
0.387372
0.396549
0.405745
0.419716
0.432774
0.445637
0.461686
0.473519
0.487343
0.501029
0.513500
0.525530
0.533824
0.540461
0.545000
0.547481
0.551432
0.553922
0.556657
0.557765
0.559304
0.559216
0.560039
0.561059
0.557558
0.560834
0.558334
0.552392
0.548657
0.542265
0.538098
0.539902
0.538863
0.533951
0.537226
0.541363
0.546569
0.553284
0.560088
0.571402
0.584128
0.596677
0.600716
0.605412
0.613284
0.621569
0.620892
0.622588
0.624843
0.619647
0.615823
0.608255
0.600451
0.593883
0.583294
0.574735
0.566696
0.556373
0.547049
0.541363
0.534412
0.528951
0.522216
0.512176
0.500098
0.489206
0.477971
0.465706
0.455402
0.444833
0.435676
0.424961
0.416530
0.408196
0.402177
0.392579
0.389686
0.384833
0.377588
0.375412
0.371686
0.370794
0.372216
0.371177
0.375510
0.384167
0.393784
0.408000
0.420549
0.431804
0.438657
0.445235
0.451657
0.455765
0.325647
0.323490
0.316775
0.311725
0.307206
0.303294
0.299422
0.299882
0.299422
0.306588
0.317186
0.327019
0.335980
0.345520
0.354167
0.364716
0.378069
0.390961
0.397647
0.408010
0.419049
0.431980
0.446147
0.460922
0.475608
0.490843
0.506275
0.520833
0.534451
0.541706
0.550000
0.556951
0.560608
0.564971
0.568539
0.569039
0.570794
0.569442
0.569382
0.572284
0.573471
0.573235
0.573343
0.572981
0.569137
0.562519
0.556216
0.547029
0.543432
0.539765
0.533970
0.530853
0.532010
0.537314
0.542157
0.546941
0.555118
0.569667
0.581372
0.597304
0.606657
0.615471
0.616323
0.622715
0.624127
0.624255
0.630196
0.629412
0.622196
0.616206
0.609598
0.601784
0.592726
0.584441
0.577147
0.569971
0.560363
0.553275
0.546784
0.541059
0.534274
0.525167
0.512549
0.500235
0.489069
0.478128
0.468431
0.458922
0.453471
0.448216
0.436853
0.430167
0.423441
0.415412
0.406363
0.397343
0.391314
0.384383
0.381726
0.381314
0.382177
0.385000
0.388980
0.395628
0.405059
0.413039
0.423157
0.434049
0.443667
0.453833
0.459804
0.462000
0.324559
0.321049
0.315696
0.311490
0.306412
0.303833
0.301520
0.302108
0.306608
0.315853
0.325677
0.333333
0.346010
0.356686
0.363637
0.374931
0.385608
0.395069
0.406216
0.418647
0.431255
0.445578
0.462127
0.475500
0.489549
0.503206
0.520137
0.535608
0.547098
0.556422
0.564882
0.571088
0.575882
0.580039
0.582461
0.583422
0.579421
0.580265
0.583441
0.585206
0.584343
0.585167
0.583510
0.580931
0.573039
0.565520
0.555970
0.550559
0.545578
0.539167
0.533853
0.532529
0.536372
0.541490
0.543039
0.549176
0.557637
0.573441
0.583088
0.595402
0.607667
0.621814
0.626225
0.628657
0.631686
0.630284
0.630500
0.634078
0.629569
0.625314
0.617539
0.610235
0.602147
0.594264
0.585461
0.576911
0.570019
0.561245
0.553020
0.546814
0.540098
0.530451
0.522284
0.512382
0.498765
0.489549
0.480127
0.473186
0.467814
0.462196
0.455461
0.449784
0.441873
0.434568
0.426392
0.417284
0.407118
0.401049
0.397226
0.394049
0.392333
0.393941
0.398735
0.399118
0.403069
0.410579
0.418726
0.430951
0.440696
0.451618
0.456343
0.459637
0.323294
0.318382
0.313549
0.308912
0.301941
0.300588
0.300098
0.300980
0.310088
0.321520
0.333402
0.342520
0.355402
0.362274
0.370843
0.379853
0.390765
0.402520
0.415500
0.431284
0.444363
0.458441
0.473558
0.488441
0.502098
0.519137
0.536226
0.548775
0.560265
0.570000
0.580402
0.586725
0.589755
0.593814
0.595186
0.591519
0.589431
0.591137
0.593725
0.595814
0.595451
0.593441
0.592030
0.585186
0.575470
0.563333
0.555932
0.548617
0.537902
0.539530
0.536961
0.530873
0.533755
0.535569
0.537078
0.546411
0.557902
0.570402
0.583569
0.598108
0.609264
0.617902
0.627686
0.634059
0.637794
0.637608
0.638755
0.639098
0.634294
0.627637
0.620922
0.614863
0.608441
0.600177
0.592687
0.585265
0.576117
0.567519
0.559814
0.551166
0.542961
0.536539
0.528520
0.519078
0.509990
0.499186
0.492177
0.486216
0.480304
0.474196
0.469853
0.462206
0.451696
0.440245
0.432853
0.429343
0.422343
0.415235
0.409333
0.405912
0.401932
0.402343
0.401402
0.398441
0.400020
0.407588
0.420304
0.429059
0.435451
0.445882
0.454422
0.454598
0.323284
0.317814
0.313166
0.310657
0.301863
0.298951
0.298824
0.303961
0.315726
0.332128
0.342794
0.348931
0.362324
0.366922
0.376118
0.388020
0.397157
0.410490
0.427000
0.440833
0.454049
0.467706
0.482461
0.496549
0.513206
0.532902
0.548863
0.561235
0.573098
0.582882
0.591206
0.597892
0.602745
0.606039
0.602451
0.598363
0.596667
0.599157
0.599138
0.599696
0.601108
0.598226
0.595323
0.585284
0.573911
0.566510
0.555294
0.547745
0.536794
0.531872
0.530137
0.524177
0.521078
0.527304
0.532186
0.539284
0.552284
0.566196
0.579039
0.594618
0.607255
0.621324
0.628353
0.636568
0.639471
0.640706
0.642519
0.640353
0.636549
0.631324
0.624079
0.618284
0.610314
0.603480
0.595480
0.588225
0.580088
0.569686
0.561000
0.555343
0.548127
0.539304
0.532157
0.526274
0.518686
0.508216
0.499794
0.494824
0.490804
0.483549
0.477069
0.475529
0.468696
0.458451
0.446461
0.436794
0.431833
0.429108
0.424863
0.420706
0.417647
0.411834
0.408843
0.406638
0.403706
0.406461
0.415039
0.424098
0.435863
0.444294
0.454069
0.460883
0.324216
0.318833
0.309598
0.303539
0.299216
0.297882
0.297902
0.305392
0.322765
0.338069
0.350000
0.355490
0.363098
0.372814
0.384539
0.395588
0.407167
0.423588
0.439157
0.451618
0.466274
0.477216
0.490451
0.509020
0.526471
0.543402
0.559030
0.570696
0.582059
0.591627
0.600823
0.609117
0.611941
0.612775
0.607618
0.604363
0.602490
0.604147
0.604794
0.604912
0.604088
0.605255
0.597882
0.582373
0.569373
0.563166
0.549853
0.538471
0.532020
0.529127
0.526755
0.526275
0.519941
0.522735
0.530274
0.539314
0.548520
0.562981
0.575598
0.589716
0.606422
0.620236
0.630520
0.636382
0.641127
0.641216
0.643774
0.642392
0.636216
0.631893
0.626029
0.620676
0.613971
0.604912
0.595225
0.589588
0.580843
0.572216
0.564490
0.557853
0.552902
0.542980
0.533853
0.530147
0.523480
0.515304
0.505824
0.498069
0.496049
0.492785
0.488559
0.483324
0.477383
0.471529
0.463813
0.454863
0.445873
0.438431
0.435814
0.432010
0.422922
0.416579
0.412108
0.410745
0.411128
0.406578
0.408088
0.416088
0.425451
0.436735
0.450000
0.459196
0.321294
0.314657
0.308196
0.299559
0.294725
0.295539
0.302098
0.317059
0.332039
0.346392
0.356392
0.359529
0.370461
0.380039
0.391510
0.403078
0.418020
0.430794
0.446196
0.461147
0.474490
0.486500
0.503618
0.519971
0.534549
0.552078
0.566862
0.579853
0.590177
0.598637
0.611010
0.617715
0.617078
0.615951
0.612421
0.607471
0.605843
0.609088
0.609441
0.609098
0.608196
0.604794
0.597775
0.578079
0.561971
0.560510
0.549226
0.535529
0.530324
0.528314
0.525480
0.522177
0.518068
0.521794
0.528529
0.534735
0.549196
0.559167
0.573863
0.590127
0.603882
0.616716
0.626392
0.634186
0.641069
0.641833
0.644990
0.643255
0.636931
0.633274
0.627873
0.624902
0.616657
0.605980
0.595921
0.588245
0.581029
0.575215
0.568343
0.560725
0.550980
0.544265
0.539019
0.536245
0.530176
0.519265
0.509608
0.503108
0.501667
0.498706
0.495216
0.492824
0.488539
0.478892
0.471402
0.462804
0.454333
0.446745
0.439029
0.433726
0.428000
0.420412
0.413696
0.409039
0.409402
0.409520
0.408520
0.411304
0.418667
0.428863
0.440794
0.449402
0.316794
0.312716
0.304941
0.297529
0.295951
0.299235
0.307961
0.322333
0.336559
0.348186
0.358225
0.366510
0.376657
0.386863
0.397755
0.408451
0.422775
0.440755
0.456598
0.469196
0.480490
0.493902
0.510362
0.526078
0.543000
0.560353
0.574980
0.588108
0.598304
0.609059
0.616960
0.618509
0.617608
0.618196
0.614000
0.610039
0.609618
0.611599
0.611549
0.610402
0.607686
0.602706
0.594157
0.574922
0.557971
0.553471
0.549382
0.540912
0.529686
0.519647
0.514392
0.517588
0.513755
0.515931
0.530245
0.534569
0.547569
0.557843
0.571157
0.589382
0.605255
0.615637
0.624294
0.631922
0.640177
0.643353
0.644029
0.644921
0.639059
0.637206
0.636343
0.628353
0.616127
0.606520
0.596931
0.588078
0.580794
0.575471
0.569177
0.560127
0.552176
0.543098
0.534324
0.533294
0.527990
0.518068
0.510284
0.505274
0.506961
0.509421
0.507137
0.502049
0.496294
0.486647
0.476441
0.469442
0.461539
0.452069
0.445049
0.437843
0.431746
0.425833
0.417628
0.411225
0.406392
0.405823
0.407618
0.406353
0.411451
0.419196
0.426980
0.439500
0.313304
0.307843
0.300265
0.298696
0.297892
0.302324
0.314118
0.329069
0.340784
0.351412
0.360990
0.372980
0.381451
0.391804
0.403765
0.417118
0.432402
0.447774
0.461647
0.475686
0.488245
0.502627
0.519431
0.533284
0.552137
0.567774
0.582108
0.595843
0.606333
0.615519
0.620314
0.621872
0.621990
0.619147
0.615608
0.612990
0.611255
0.612520
0.610284
0.609863
0.609490
0.601657
0.590500
0.572539
0.560951
0.550736
0.543422
0.533284
0.524716
0.516431
0.512637
0.510834
0.510647
0.514539
0.526922
0.532676
0.544765
0.556068
0.571568
0.589765
0.605607
0.615353
0.623941
0.630765
0.640863
0.646137
0.646137
0.646353
0.641451
0.639088
0.634471
0.626911
0.616500
0.607274
0.598705
0.589510
0.584069
0.577785
0.570010
0.557196
0.548245
0.541471
0.529931
0.528108
0.523461
0.517618
0.512843
0.508461
0.508902
0.512715
0.513176
0.506892
0.501804
0.494657
0.485804
0.475628
0.468873
0.462530
0.454098
0.448363
0.440127
0.431422
0.422568
0.412363
0.405686
0.401510
0.399334
0.402471
0.404039
0.410039
0.416363
0.424745
0.310784
0.303882
0.300078
0.297441
0.299931
0.306677
0.319843
0.335726
0.345471
0.354324
0.364814
0.376049
0.385216
0.395373
0.408373
0.422226
0.437931
0.453186
0.468471
0.481951
0.494382
0.509764
0.522922
0.539578
0.558618
0.575069
0.590000
0.601608
0.614588
0.621127
0.623333
0.626107
0.626255
0.622666
0.618343
0.616490
0.613686
0.617461
0.613990
0.610843
0.610245
0.604402
0.594314
0.571981
0.560833
0.550971
0.539804
0.529608
0.519971
0.510618
0.510961
0.509441
0.507667
0.511568
0.525588
0.531510
0.546666
0.559862
0.573814
0.587569
0.603873
0.614324
0.625206
0.627824
0.636539
0.648118
0.645383
0.645872
0.640755
0.639990
0.633108
0.626833
0.617578
0.608775
0.599647
0.591314
0.583490
0.574716
0.566059
0.554765
0.545177
0.539020
0.530137
0.526333
0.523755
0.517686
0.512039
0.507353
0.512186
0.513382
0.512530
0.510206
0.504971
0.497294
0.487745
0.483314
0.477314
0.468912
0.461314
0.451971
0.443569
0.433922
0.424343
0.414382
0.403431
0.396471
0.389579
0.389049
0.393020
0.397392
0.405657
0.414588
0.306931
0.301265
0.299333
0.300118
0.302441
0.315853
0.327961
0.340255
0.351353
0.358588
0.364608
0.377980
0.389069
0.397402
0.412529
0.427569
0.443578
0.458186
0.473039
0.487441
0.499362
0.514275
0.530676
0.548549
0.566509
0.582068
0.595872
0.607931
0.618833
0.624019
0.628265
0.630921
0.630000
0.626226
0.627000
0.621422
0.617382
0.621422
0.619108
0.614000
0.609981
0.602549
0.591588
0.572412
0.561598
0.555647
0.543147
0.528579
0.521128
0.512039
0.504118
0.500608
0.502226
0.505578
0.516971
0.527814
0.545196
0.559559
0.571784
0.584814
0.602755
0.611500
0.621490
0.627618
0.635716
0.647255
0.643686
0.644412
0.642392
0.637274
0.632745
0.627412
0.619500
0.608696
0.599785
0.591706
0.583569
0.573147
0.563765
0.551216
0.540990
0.533628
0.527873
0.520569
0.520098
0.515079
0.509686
0.506265
0.509265
0.513373
0.515686
0.512196
0.511206
0.505167
0.495725
0.489334
0.482059
0.476422
0.470020
0.462814
0.451892
0.439824
0.426245
0.414274
0.403539
0.394598
0.386608
0.380578
0.381255
0.387784
0.396863
0.404755
0.305647
0.300137
0.297863
0.299245
0.308333
0.322353
0.333431
0.342579
0.354490
0.360735
0.365922
0.378745
0.392941
0.402569
0.414882
0.432372
0.445872
0.459245
0.474265
0.490872
0.505480
0.518765
0.536559
0.553951
0.572500
0.586755
0.600627
0.613284
0.623558
0.628323
0.632490
0.635549
0.634971
0.633049
0.629078
0.622941
0.621598
0.622079
0.619392
0.619000
0.617814
0.604883
0.590343
0.569932
0.562892
0.557314
0.542019
0.532304
0.517304
0.507863
0.502412
0.494039
0.496990
0.503108
0.513716
0.524686
0.543765
0.563108
0.573589
0.586333
0.600990
0.610804
0.619079
0.627784
0.633637
0.643804
0.640853
0.642226
0.639333
0.632627
0.628804
0.624412
0.618696
0.607500
0.599461
0.591843
0.582461
0.570961
0.558902
0.549324
0.536961
0.530598
0.526471
0.515579
0.509343
0.508343
0.511000
0.509039
0.510951
0.515569
0.522264
0.519402
0.514510
0.510912
0.503000
0.495265
0.488098
0.483941
0.479461
0.470775
0.458921
0.444578
0.430451
0.414392
0.401559
0.388961
0.380539
0.372490
0.368294
0.371853
0.382638
0.392941
0.301206
0.296294
0.296833
0.302559
0.313206
0.327294
0.338186
0.345598
0.354530
0.361902
0.369471
0.381745
0.394441
0.403579
0.417461
0.434941
0.451000
0.464647
0.479843
0.497382
0.511167
0.526843
0.541529
0.558755
0.575471
0.591598
0.607275
0.619931
0.626412
0.632235
0.638686
0.640705
0.639108
0.635745
0.632265
0.626245
0.623902
0.624804
0.623167
0.621225
0.617226
0.607853
0.590480
0.571196
0.563804
0.554029
0.538755
0.527951
0.518020
0.501990
0.494412
0.493422
0.496785
0.499745
0.512039
0.526353
0.538824
0.557686
0.571745
0.586431
0.599961
0.608872
0.617470
0.628245
0.633990
0.641402
0.639608
0.637725
0.633843
0.628392
0.626853
0.623216
0.616647
0.607471
0.598843
0.589912
0.579392
0.565765
0.554294
0.546137
0.534265
0.527314
0.523981
0.515932
0.507637
0.503373
0.507579
0.509588
0.511372
0.515579
0.520637
0.520980
0.516206
0.509402
0.505794
0.500638
0.494971
0.491363
0.487432
0.480765
0.469931
0.453490
0.434912
0.419500
0.402951
0.388735
0.376412
0.368666
0.361490
0.362804
0.371559
0.381735
0.299255
0.296500
0.297892
0.304020
0.316304
0.330049
0.337480
0.347461
0.356618
0.363736
0.373902
0.385961
0.394706
0.406804
0.420422
0.435980
0.451530
0.466353
0.484833
0.502588
0.515774
0.531069
0.546696
0.563676
0.580627
0.598284
0.613078
0.621970
0.630912
0.637833
0.642559
0.643618
0.642951
0.639902
0.637510
0.631461
0.626451
0.628677
0.626471
0.622529
0.615657
0.606206
0.591951
0.572118
0.561392
0.550157
0.538324
0.525696
0.515735
0.505863
0.501137
0.496922
0.498784
0.502333
0.512020
0.528108
0.541323
0.555735
0.572784
0.585902
0.597519
0.607784
0.619608
0.631980
0.635382
0.638500
0.637010
0.634441
0.630843
0.628196
0.625245
0.620804
0.616539
0.608715
0.596921
0.586941
0.575863
0.560628
0.550225
0.539059
0.528235
0.525069
0.524127
0.516559
0.505363
0.500314
0.505647
0.510010
0.512676
0.515902
0.519931
0.522098
0.519030
0.513255
0.508304
0.504324
0.500177
0.497677
0.495765
0.487569
0.477343
0.463481
0.445412
0.425118
0.406108
0.389324
0.373941
0.362990
0.356157
0.354421
0.359618
0.368412
0.298461
0.296412
0.300382
0.307951
0.319735
0.330834
0.341647
0.349049
0.358304
0.367294
0.373069
0.385020
0.394961
0.407226
0.419706
0.437843
0.453314
0.470706
0.489863
0.504814
0.517873
0.534265
0.548235
0.564549
0.581932
0.601166
0.615235
0.624921
0.636363
0.642471
0.645834
0.648774
0.646912
0.644088
0.640020
0.634196
0.628373
0.627294
0.624657
0.623922
0.618127
0.604735
0.586431
0.569059
0.558745
0.551784
0.539922
0.526922
0.517333
0.508921
0.506412
0.500441
0.500676
0.507794
0.515441
0.522980
0.538941
0.556265
0.571863
0.584343
0.597402
0.611372
0.620235
0.629343
0.632265
0.634235
0.633039
0.628833
0.628304
0.623912
0.621157
0.619647
0.615471
0.606079
0.596794
0.585167
0.571431
0.560304
0.545461
0.535686
0.527706
0.523089
0.525716
0.518794
0.503177
0.492490
0.496971
0.502167
0.509225
0.514314
0.518373
0.521000
0.519735
0.516872
0.512098
0.508441
0.506333
0.505579
0.500863
0.496236
0.486579
0.474696
0.456755
0.434422
0.413029
0.393412
0.377206
0.362853
0.354313
0.350059
0.349294
0.357451
0.296676
0.296696
0.301265
0.312627
0.322000
0.334951
0.345059
0.351520
0.360667
0.370078
0.377559
0.387157
0.398657
0.411912
0.423971
0.440637
0.457578
0.476108
0.490088
0.505657
0.521657
0.537637
0.552568
0.567735
0.584961
0.602039
0.616451
0.629686
0.639911
0.645784
0.649539
0.651167
0.649461
0.645931
0.642775
0.634539
0.628186
0.628343
0.627745
0.624716
0.617588
0.605696
0.590990
0.575618
0.561167
0.551128
0.538706
0.527883
0.519872
0.512579
0.507020
0.505971
0.509343
0.512225
0.515304
0.524422
0.539382
0.558745
0.572147
0.582559
0.594323
0.611225
0.621392
0.627147
0.630157
0.631333
0.628392
0.625480
0.623716
0.621569
0.619402
0.617765
0.613971
0.604480
0.592637
0.578931
0.566343
0.555020
0.542363
0.533715
0.525882
0.525039
0.524235
0.514951
0.504088
0.492128
0.492137
0.495785
0.505373
0.514618
0.519480
0.520559
0.520383
0.515127
0.510500
0.509118
0.508941
0.509206
0.508461
0.506510
0.499245
0.484382
0.465078
0.440824
0.416353
0.394902
0.375647
0.361549
0.349578
0.343814
0.345059
0.349333
0.294676
0.294598
0.304255
0.314294
0.323235
0.337872
0.344922
0.350677
0.362284
0.368804
0.377677
0.389990
0.401598
0.412696
0.425353
0.444353
0.461471
0.478343
0.491696
0.507490
0.524941
0.539873
0.554794
0.570167
0.587961
0.607186
0.621255
0.633226
0.643432
0.648941
0.651843
0.652715
0.650667
0.649666
0.644667
0.635568
0.631647
0.631255
0.630196
0.625333
0.618245
0.608480
0.591510
0.574108
0.561814
0.553177
0.544833
0.533088
0.522686
0.509696
0.508186
0.507638
0.512922
0.516314
0.519863
0.528549
0.543108
0.561020
0.574765
0.581804
0.598490
0.609784
0.616098
0.624089
0.629873
0.628343
0.626353
0.623726
0.620441
0.618853
0.617951
0.611490
0.606157
0.598539
0.585853
0.572480
0.562294
0.552285
0.539382
0.530961
0.526931
0.525098
0.519706
0.510127
0.499333
0.487549
0.487284
0.494392
0.501442
0.510853
0.515137
0.518608
0.519922
0.516098
0.512638
0.512588
0.512441
0.513461
0.515382
0.513285
0.505373
0.492687
0.472216
0.451069
0.425079
0.399775
0.379431
0.359147
0.346510
0.338833
0.337892
0.342794
0.292863
0.296716
0.304912
0.314441
0.326294
0.337383
0.344784
0.351343
0.359902
0.369235
0.376108
0.387137
0.399961
0.411069
0.425226
0.443529
0.459970
0.478127
0.494078
0.509657
0.526265
0.542382
0.557833
0.574598
0.591019
0.608902
0.624559
0.634490
0.643412
0.650343
0.654029
0.657795
0.656598
0.653794
0.647902
0.636833
0.634157
0.631029
0.630608
0.626255
0.618225
0.609863
0.596078
0.580686
0.565804
0.556480
0.547471
0.533627
0.528706
0.515451
0.514726
0.512480
0.516177
0.521912
0.524676
0.533833
0.548314
0.563441
0.572010
0.580647
0.595314
0.604128
0.609578
0.620834
0.627814
0.623373
0.621108
0.619607
0.618108
0.614765
0.611951
0.604558
0.596627
0.588902
0.578020
0.567069
0.557980
0.546863
0.535196
0.524588
0.521451
0.521382
0.520932
0.512166
0.498088
0.486431
0.485274
0.491696
0.496932
0.506892
0.513882
0.516402
0.516657
0.516589
0.515589
0.515088
0.516226
0.517843
0.519128
0.519608
0.513667
0.499520
0.484177
0.461118
0.434314
0.405951
0.378422
0.359118
0.343402
0.334892
0.329314
0.331216
0.294500
0.298843
0.305020
0.316628
0.327539
0.336177
0.345029
0.351137
0.358971
0.365029
0.374578
0.389196
0.400314
0.413020
0.428226
0.445363
0.462137
0.479676
0.497059
0.513147
0.528666
0.542519
0.559461
0.577500
0.593980
0.611265
0.626039
0.636902
0.647000
0.653167
0.657481
0.660510
0.660108
0.657794
0.651657
0.640882
0.637117
0.634529
0.634147
0.629088
0.619431
0.611696
0.596608
0.582589
0.568961
0.560000
0.552324
0.540225
0.532392
0.521333
0.517412
0.518255
0.519481
0.524304
0.531559
0.543578
0.555118
0.561559
0.571716
0.583030
0.592363
0.600539
0.610088
0.616765
0.620030
0.618363
0.617844
0.616970
0.611961
0.609951
0.604833
0.596676
0.584245
0.576255
0.569284
0.561902
0.553520
0.543637
0.531059
0.520735
0.515431
0.517235
0.517677
0.508226
0.497520
0.485431
0.484245
0.491196
0.493716
0.506402
0.510343
0.514304
0.514912
0.514030
0.513049
0.515294
0.514667
0.519069
0.523677
0.524089
0.517657
0.508245
0.491088
0.469216
0.444226
0.414735
0.384882
0.362255
0.342235
0.330421
0.323500
0.322225
0.293216
0.299314
0.304020
0.318245
0.328461
0.336020
0.344108
0.351775
0.358000
0.366755
0.376539
0.389481
0.403677
0.416108
0.430490
0.449098
0.467627
0.484706
0.499863
0.513019
0.528304
0.543441
0.560000
0.577696
0.594774
0.612716
0.626736
0.639206
0.650353
0.657078
0.660392
0.662461
0.663069
0.659882
0.655716
0.645029
0.640049
0.638157
0.637216
0.634735
0.623755
0.615490
0.603148
0.588765
0.575686
0.566539
0.556872
0.541667
0.529990
0.524735
0.523500
0.522725
0.524343
0.533735
0.542333
0.546598
0.555932
0.563471
0.572804
0.583726
0.591637
0.604774
0.614265
0.620598
0.624961
0.619333
0.616902
0.615215
0.610970
0.604784
0.595481
0.587029
0.577500
0.570549
0.562637
0.554931
0.546735
0.538794
0.528030
0.517755
0.508333
0.509088
0.510304
0.502882
0.494451
0.487353
0.482618
0.486186
0.491314
0.502020
0.506275
0.510628
0.511804
0.510618
0.509833
0.511598
0.516010
0.521333
0.522147
0.523294
0.519392
0.512539
0.496726
0.473990
0.449441
0.421627
0.391931
0.364559
0.342176
0.326578
0.319314
0.316961
0.296098
0.300735
0.308206
0.316490
0.326932
0.335725
0.342167
0.349353
0.359255
0.369422
0.378284
0.393363
0.405696
0.419647
0.432373
0.448383
0.466676
0.486323
0.501755
0.513000
0.527176
0.541373
0.560167
0.576853
0.596010
0.612520
0.626716
0.641000
0.651745
0.658118
0.661657
0.663608
0.665216
0.662520
0.657853
0.649382
0.647667
0.643755
0.639941
0.639128
0.629382
0.619187
0.607677
0.591784
0.578814
0.571490
0.563578
0.550500
0.546441
0.536588
0.530402
0.526579
0.532245
0.535490
0.543726
0.544275
0.552813
0.564863
0.575235
0.584118
0.594441
0.607451
0.616117
0.620882
0.620706
0.620176
0.617274
0.613480
0.606353
0.599774
0.591078
0.582000
0.575578
0.567078
0.556971
0.547392
0.543578
0.536451
0.520726
0.511804
0.507549
0.508745
0.505118
0.496461
0.488569
0.486735
0.483363
0.484285
0.487215
0.496912
0.501382
0.508647
0.509304
0.509147
0.507618
0.508961
0.514167
0.521843
0.525627
0.526971
0.523579
0.513883
0.499598
0.479118
0.455559
0.427245
0.396059
0.368951
0.344637
0.326010
0.314255
0.310980
0.299363
0.304520
0.309725
0.317294
0.327578
0.335716
0.340804
0.349343
0.359098
0.367333
0.379510
0.392294
0.406833
0.419343
0.432765
0.450784
0.467470
0.486559
0.502235
0.514255
0.530088
0.544461
0.559059
0.575147
0.595275
0.611392
0.627079
0.641382
0.651677
0.659647
0.664137
0.666441
0.668843
0.665245
0.659235
0.653549
0.651235
0.649617
0.644716
0.640686
0.635833
0.626785
0.611285
0.595706
0.585020
0.578461
0.568000
0.560068
0.553461
0.546912
0.536912
0.532764
0.531667
0.532088
0.538235
0.542500
0.549785
0.562794
0.571461
0.587824
0.598108
0.609912
0.620225
0.622735
0.622569
0.621637
0.615804
0.606872
0.600314
0.593421
0.585686
0.575373
0.571500
0.564088
0.551539
0.542696
0.536490
0.530598
0.515520
0.507451
0.505245
0.502922
0.502559
0.495089
0.488500
0.482147
0.479480
0.481873
0.483735
0.494304
0.500412
0.506333
0.507343
0.506294
0.506206
0.508157
0.510833
0.515951
0.521520
0.525167
0.523765
0.517265
0.503422
0.482157
0.458304
0.430441
0.402000
0.372079
0.346520
0.324294
0.310971
0.305412
0.296647
0.303725
0.308970
0.318392
0.325216
0.334216
0.341618
0.348912
0.355971
0.368667
0.380078
0.391990
0.404529
0.418186
0.432049
0.450225
0.467833
0.483284
0.497823
0.510824
0.528608
0.544421
0.559902
0.576873
0.593755
0.611304
0.626843
0.641275
0.650461
0.659441
0.665461
0.668931
0.669588
0.667246
0.662755
0.657824
0.655176
0.653069
0.648177
0.644147
0.638333
0.631177
0.618579
0.602804
0.593383
0.587137
0.576932
0.565020
0.558520
0.549382
0.544020
0.540863
0.543196
0.539971
0.540284
0.548568
0.555745
0.563657
0.575098
0.588490
0.600618
0.614010
0.619862
0.623068
0.622412
0.614686
0.606931
0.601314
0.593245
0.589333
0.582931
0.572735
0.564657
0.557912
0.547892
0.539235
0.531245
0.518657
0.509539
0.505529
0.505255
0.497833
0.498559
0.495441
0.490598
0.483990
0.476628
0.474235
0.474314
0.488765
0.494471
0.503510
0.504569
0.501647
0.502872
0.504755
0.505588
0.513726
0.520971
0.525451
0.523785
0.517647
0.506519
0.487343
0.462657
0.436696
0.408216
0.374549
0.345725
0.322902
0.307833
0.301951
0.297735
0.301520
0.309451
0.319098
0.325069
0.332804
0.341333
0.350657
0.361373
0.369363
0.379696
0.391618
0.404971
0.417471
0.433951
0.450216
0.468010
0.483833
0.496363
0.511843
0.527499
0.543010
0.562490
0.578108
0.594520
0.610235
0.624412
0.638902
0.651167
0.658785
0.665226
0.670186
0.671951
0.669746
0.665167
0.660784
0.659912
0.656187
0.651039
0.645853
0.642323
0.632598
0.618784
0.608794
0.600098
0.592569
0.584588
0.575412
0.564274
0.552921
0.544951
0.539079
0.536775
0.537716
0.545873
0.550657
0.558264
0.573304
0.583225
0.594284
0.603059
0.612373
0.618794
0.621941
0.616647
0.609108
0.603500
0.596725
0.589980
0.580059
0.569775
0.562294
0.557569
0.551608
0.543686
0.534853
0.525882
0.513422
0.502951
0.498961
0.499304
0.493627
0.493588
0.490775
0.486118
0.481774
0.471431
0.469912
0.468353
0.482667
0.491128
0.498049
0.498853
0.497529
0.497559
0.500480
0.506137
0.513637
0.519500
0.524510
0.524167
0.516833
0.506029
0.489843
0.466284
0.438382
0.407529
0.375941
0.346422
0.322294
0.305088
0.298392
0.297284
0.301520
0.309647
0.318676
0.327931
0.332510
0.339461
0.351539
0.362294
0.370970
0.381304
0.393431
0.406598
0.420000
0.435902
0.450725
0.467549
0.481951
0.495814
0.509461
0.525520
0.542902
0.560520
0.576774
0.592990
0.609775
0.625618
0.637775
0.650461
0.660030
0.666314
0.669177
0.671725
0.671275
0.667804
0.662255
0.662637
0.660333
0.656000
0.650520
0.645432
0.641441
0.627765
0.619510
0.607785
0.601510
0.591833
0.580716
0.570912
0.560686
0.549951
0.543108
0.545216
0.548235
0.554912
0.559010
0.573304
0.581196
0.589392
0.600353
0.609265
0.615774
0.620108
0.616863
0.611696
0.608216
0.604598
0.597137
0.584078
0.573147
0.562559
0.557745
0.552137
0.545412
0.539108
0.529255
0.518059
0.507922
0.495441
0.489814
0.489775
0.487137
0.487206
0.486441
0.482637
0.474892
0.467706
0.464990
0.465167
0.476588
0.485176
0.492598
0.495225
0.493657
0.493588
0.496167
0.501755
0.510716
0.516902
0.522628
0.523363
0.518245
0.507216
0.489128
0.466912
0.439824
0.410628
0.380078
0.347882
0.322186
0.304078
0.297157
0.297108
0.302833
0.309706
0.315971
0.323235
0.333843
0.338823
0.350049
0.360794
0.371892
0.382010
0.394608
0.408902
0.423569
0.437127
0.448735
0.465108
0.479490
0.495480
0.510657
0.528107
0.543098
0.560088
0.575863
0.592686
0.610323
0.623657
0.637020
0.649422
0.659256
0.666098
0.670765
0.671010
0.672137
0.670863
0.666177
0.665186
0.663196
0.658569
0.655392
0.650598
0.645775
0.637618
0.625137
0.613226
0.612235
0.601902
0.586941
0.574275
0.565971
0.555471
0.549000
0.549686
0.554324
0.561726
0.570235
0.581186
0.591431
0.598814
0.607676
0.611902
0.616677
0.620873
0.614255
0.610020
0.608657
0.603824
0.596559
0.582794
0.571431
0.563951
0.555324
0.544598
0.537814
0.531559
0.521726
0.514020
0.505902
0.492784
0.486588
0.485520
0.482608
0.482628
0.480706
0.481088
0.470765
0.463510
0.461176
0.460255
0.469284
0.482128
0.488539
0.491529
0.491392
0.492088
0.494735
0.499069
0.507000
0.511833
0.518500
0.519010
0.516039
0.506618
0.490922
0.467990
0.440059
0.408774
0.376843
0.350088
0.324421
0.304363
0.294637
0.298020
0.301627
0.309794
0.315647
0.322667
0.332941
0.337461
0.349539
0.356696
0.368461
0.382853
0.392637
0.405323
0.421471
0.436598
0.449588
0.462608
0.478794
0.494912
0.512480
0.529176
0.544304
0.558383
0.575647
0.592108
0.608157
0.623167
0.635991
0.649078
0.658393
0.666000
0.671373
0.672549
0.673353
0.671843
0.669941
0.669422
0.667088
0.661226
0.656853
0.652892
0.648559
0.641862
0.633383
0.619657
0.616284
0.610157
0.598461
0.587608
0.574745
0.563745
0.562735
0.561157
0.562725
0.571030
0.582098
0.590696
0.598941
0.605353
0.607970
0.613784
0.616735
0.619569
0.618157
0.615735
0.612892
0.607951
0.597882
0.584941
0.574970
0.565941
0.557667
0.545470
0.534745
0.528922
0.520667
0.513127
0.505010
0.491490
0.484922
0.481667
0.477392
0.480471
0.478814
0.478588
0.469892
0.458696
0.455990
0.455824
0.465324
0.479128
0.483471
0.486843
0.487510
0.487138
0.489412
0.494324
0.503686
0.512628
0.518226
0.521951
0.518226
0.506196
0.489441
0.467863
0.442882
0.411833
0.379206
0.348961
0.322931
0.301932
0.292069
0.295088
0.300245
0.307617
0.315206
0.320343
0.328559
0.334892
0.344392
0.357559
0.368686
0.380921
0.393265
0.405843
0.421785
0.437471
0.450598
0.462873
0.479804
0.497608
0.513892
0.531186
0.544647
0.558804
0.575216
0.591647
0.607520
0.622961
0.636049
0.646980
0.655539
0.663785
0.669784
0.674030
0.672677
0.672265
0.669735
0.669421
0.668951
0.663461
0.658922
0.655226
0.651157
0.641775
0.634579
0.623324
0.618873
0.612608
0.599853
0.591137
0.580157
0.572098
0.572598
0.571235
0.571245
0.577647
0.585167
0.594108
0.602441
0.607264
0.610588
0.615373
0.618098
0.622402
0.621167
0.619882
0.613980
0.606980
0.597676
0.587480
0.579657
0.567039
0.554638
0.546196
0.537794
0.529657
0.523275
0.514539
0.504804
0.493931
0.485951
0.481216
0.477627
0.480343
0.480676
0.479627
0.468872
0.453814
0.452971
0.451568
0.462422
0.473402
0.477883
0.479628
0.480627
0.484039
0.488559
0.493069
0.501500
0.508294
0.512902
0.519049
0.517020
0.506323
0.488833
0.468971
0.441206
0.411480
0.381676
0.351010
0.321902
0.300529
0.291157
0.294245
0.299480
0.306902
0.315961
0.322334
0.327196
0.338186
0.345343
0.356020
0.368774
0.379245
0.391872
0.405118
0.422696
0.438314
0.451922
0.464363
0.482363
0.498618
0.514215
0.528471
0.543304
0.556902
0.574314
0.590735
0.605127
0.620314
0.635706
0.646383
0.656657
0.663667
0.667784
0.673353
0.674431
0.672755
0.670941
0.670167
0.668863
0.664598
0.660147
0.657598
0.652393
0.645726
0.636363
0.623167
0.616804
0.610578
0.599088
0.593010
0.583019
0.576863
0.579637
0.579324
0.577412
0.580147
0.585912
0.592392
0.601892
0.611588
0.617078
0.615510
0.619137
0.623068
0.622402
0.617765
0.613196
0.607785
0.597853
0.583040
0.578951
0.565568
0.551324
0.545274
0.536530
0.528304
0.520078
0.512833
0.500696
0.490922
0.482206
0.477520
0.474549
0.478157
0.477176
0.476745
0.463872
0.451814
0.451225
0.449079
0.454039
0.470716
0.476255
0.478245
0.479765
0.480265
0.484294
0.491834
0.498333
0.507451
0.512794
0.517177
0.516706
0.505490
0.487991
0.464676
0.439480
0.411392
0.380853
0.351176
0.321696
0.300745
0.291480
0.292049
0.297745
0.304480
0.314882
0.322480
0.327892
0.338892
0.348931
0.356647
0.370510
0.381215
0.389902
0.403990
0.419030
0.436265
0.453030
0.464098
0.479245
0.495716
0.511755
0.525608
0.540833
0.557716
0.571745
0.587765
0.604421
0.618530
0.633353
0.646000
0.654343
0.661569
0.669363
0.672638
0.673824
0.673481
0.669961
0.669529
0.668049
0.664186
0.659196
0.656078
0.652843
0.645441
0.633559
0.622079
0.614069
0.609549
0.599970
0.591118
0.583481
0.582255
0.579883
0.577451
0.577618
0.576441
0.584853
0.594117
0.603677
0.610725
0.614284
0.618677
0.619000
0.620373
0.622892
0.618441
0.610951
0.602696
0.592578
0.581863
0.570059
0.559461
0.547981
0.536853
0.531735
0.524402
0.520304
0.511510
0.501451
0.488451
0.478490
0.475294
0.471716
0.479059
0.479255
0.473020
0.460559
0.445922
0.448088
0.447971
0.450657
0.469323
0.475931
0.475010
0.475441
0.475324
0.482872
0.489598
0.496980
0.503843
0.510500
0.514010
0.511284
0.501274
0.484510
0.461804
0.434961
0.407353
0.376245
0.347578
0.319255
0.298872
0.291235
0.290961
0.295843
0.305079
0.311961
0.322078
0.328422
0.338853
0.348569
0.355686
0.368647
0.380196
0.392107
0.403715
0.417922
0.432951
0.449765
0.463167
0.477069
0.493294
0.510019
0.523264
0.537774
0.555255
0.571373
0.589167
0.604569
0.617637
0.630667
0.643353
0.653755
0.660902
0.666785
0.671020
0.672667
0.672893
0.672540
0.668667
0.666128
0.665020
0.661088
0.655932
0.650588
0.641608
0.635186
0.624941
0.610863
0.604843
0.597862
0.590745
0.582314
0.578951
0.576029
0.570569
0.567520
0.571166
0.580755
0.588265
0.597765
0.609971
0.613657
0.614088
0.615157
0.616686
0.616206
0.614559
0.607304
0.596432
0.586813
0.577510
0.568010
0.555392
0.547333
0.537078
0.525647
0.525098
0.520892
0.514618
0.505186
0.494598
0.483353
0.475608
0.472353
0.475980
0.475491
0.472284
0.464559
0.449667
0.451226
0.448157
0.447343
0.463804
0.473451
0.473510
0.474804
0.477176
0.482402
0.488265
0.494824
0.501598
0.509686
0.511530
0.507255
0.499226
0.483618
0.462373
0.435039
0.405431
0.373716
0.344853
0.319147
0.299078
0.288853
0.290225
0.295363
0.301441
0.309931
0.318373
0.325863
0.335980
0.347402
0.355912
0.366392
0.378186
0.391725
0.405882
0.419520
0.433814
0.446873
0.462324
0.478490
0.493549
0.507863
0.523490
0.537108
0.554363
0.569971
0.585765
0.600980
0.616618
0.629441
0.640735
0.650089
0.658686
0.665147
0.668138
0.668696
0.668863
0.667657
0.666569
0.662049
0.659706
0.657882
0.655088
0.646882
0.634432
0.625618
0.618402
0.609255
0.601716
0.589078
0.584735
0.577559
0.570471
0.565882
0.561912
0.561725
0.565863
0.571049
0.583000
0.596069
0.604745
0.610157
0.612108
0.613628
0.613833
0.615471
0.609824
0.602010
0.591961
0.581912
0.574402
0.564098
0.555892
0.545716
0.535951
0.525118
0.522608
0.520128
0.515049
0.507745
0.496882
0.485461
0.475628
0.469588
0.472755
0.473882
0.469353
0.461147
0.451177
0.448176
0.443941
0.445372
0.462108
0.470853
0.473696
0.475010
0.477882
0.485510
0.490128
0.494873
0.501392
0.506931
0.507226
0.504647
0.494824
0.480490
0.458892
0.432686
0.404451
0.372461
0.343059
0.319412
0.300441
0.292745
0.294029
0.294716
0.300079
0.306912
0.316833
0.327647
0.337402
0.346059
0.356049
0.367510
0.378872
0.389961
0.403225
0.419020
0.433304
0.446138
0.460784
0.475186
0.491176
0.506079
0.521353
0.538167
0.553098
0.567774
0.583069
0.600196
0.615981
0.628981
0.639873
0.650039
0.657441
0.663039
0.664873
0.666853
0.666274
0.665726
0.664187
0.662637
0.659755
0.655784
0.650667
0.640304
0.629833
0.624686
0.616912
0.606324
0.599912
0.584775
0.574284
0.568275
0.566255
0.560353
0.561059
0.560647
0.560529
0.563725
0.572902
0.585873
0.593294
0.597010
0.599774
0.605461
0.608873
0.610686
0.606961
0.597971
0.587079
0.577441
0.572186
0.566294
0.556736
0.546951
0.535677
0.526598
0.523353
0.519686
0.513559
0.506167
0.496030
0.487441
0.475137
0.468569
0.468784
0.467216
0.465882
0.461735
0.451157
0.445000
0.441618
0.444284
0.458569
0.469667
0.473108
0.474539
0.476470
0.480265
0.486735
0.493039
0.498902
0.504029
0.506520
0.503255
0.492010
0.473686
0.454314
0.429284
0.399010
0.369686
0.342559
0.318755
0.300333
0.291794
0.294549
0.292157
0.297931
0.306422
0.316392
0.325873
0.337118
0.343598
0.352137
0.363853
0.378431
0.390049
0.403490
0.415775
0.430578
0.445520
0.459519
0.473500
0.490187
0.504814
0.520814
0.534990
0.549127
0.566520
0.583804
0.598049
0.613402
0.627461
0.637579
0.646588
0.653844
0.659353
0.663235
0.665784
0.666333
0.664706
0.661481
0.657853
0.653294
0.646715
0.642186
0.633529
0.625520
0.621030
0.612284
0.598618
0.590471
0.578470
0.569471
0.557500
0.557098
0.556451
0.549088
0.548206
0.552392
0.554941
0.567608
0.578549
0.584373
0.588873
0.592284
0.596382
0.599000
0.601421
0.598559
0.592637
0.583804
0.576245
0.568647
0.560030
0.552147
0.544931
0.538049
0.530078
0.524559
0.522382
0.514147
0.503559
0.492549
0.488049
0.478833
0.472000
0.470088
0.468294
0.464735
0.464422
0.454353
0.446706
0.440951
0.445059
0.461549
0.471706
0.472382
0.476069
0.479667
0.484931
0.489255
0.495010
0.500863
0.503471
0.503687
0.498294
0.488677
0.472471
0.449216
0.422961
0.396020
0.367510
0.341794
0.320981
0.301823
0.294118
0.295971
0.297412
0.297823
0.304735
0.311255
0.322735
0.334588
0.342902
0.350118
0.362931
0.375167
0.387902
0.402951
0.414794
0.427353
0.442725
0.458225
0.472373
0.488353
0.504735
0.519775
0.534412
0.547775
0.564608
0.581559
0.595569
0.608588
0.623030
0.635196
0.643628
0.652236
0.656990
0.658863
0.661804
0.663020
0.663314
0.659216
0.654363
0.648902
0.643412
0.640686
0.632412
0.617824
0.613294
0.606226
0.591814
0.585235
0.575196
0.563382
0.555961
0.548559
0.545549
0.543118
0.538353
0.540686
0.545745
0.553304
0.562451
0.572696
0.580745
0.585686
0.590843
0.595922
0.593824
0.592981
0.584579
0.578726
0.572931
0.565000
0.558333
0.550402
0.542853
0.537569
0.532618
0.527716
0.521814
0.514451
0.503706
0.492098
0.489177
0.480333
0.473451
0.471187
0.471274
0.469637
0.465902
0.454383
0.446196
0.440490
0.444226
0.461961
0.474216
0.476471
0.477314
0.480363
0.484079
0.490657
0.493892
0.497500
0.501030
0.499991
0.493971
0.483314
0.467569
0.446186
0.420843
0.393471
0.365490
0.341206
0.320343
0.302412
0.299774
0.292853
0.293373
0.297314
0.298637
0.307363
0.319147
0.327873
0.339255
0.349470
0.359696
0.372216
0.384314
0.400323
0.415010
0.427363
0.441500
0.456363
0.469980
0.484157
0.500951
0.517510
0.532431
0.546686
0.561127
0.576108
0.591559
0.606932
0.620706
0.630216
0.640294
0.647784
0.652068
0.655882
0.658039
0.657892
0.658108
0.653451
0.648118
0.644265
0.639970
0.634079
0.623579
0.612402
0.608911
0.599618
0.583990
0.574618
0.557853
0.552019
0.544676
0.542980
0.540951
0.536049
0.534284
0.537255
0.541637
0.548314
0.552098
0.562490
0.576303
0.584314
0.590353
0.595951
0.595098
0.588108
0.582490
0.572284
0.569127
0.562226
0.556951
0.551530
0.545078
0.540637
0.535186
0.530519
0.525049
0.515127
0.501098
0.492598
0.488432
0.480716
0.476314
0.470657
0.469069
0.470049
0.466176
0.459265
0.446725
0.439510
0.447667
0.464089
0.472814
0.476324
0.478990
0.481049
0.484873
0.489529
0.495177
0.496039
0.496863
0.496010
0.490461
0.480814
0.464069
0.442667
0.419245
0.390373
0.362471
0.336343
0.315343
0.304284
0.303628
0.290500
0.290951
0.292912
0.299628
0.309578
0.318539
0.327559
0.338578
0.349167
0.358961
0.369882
0.382225
0.395902
0.410755
0.424833
0.437912
0.452618
0.469726
0.483794
0.498843
0.513941
0.528010
0.541696
0.556569
0.573843
0.588627
0.602735
0.616912
0.626422
0.638177
0.645304
0.646216
0.650814
0.652676
0.653177
0.651990
0.648108
0.645079
0.640971
0.634883
0.627706
0.615873
0.604902
0.598922
0.591833
0.576529
0.563392
0.549775
0.542333
0.534304
0.528961
0.523686
0.520637
0.522255
0.528500
0.535608
0.538638
0.543353
0.552422
0.564392
0.574520
0.585794
0.595480
0.597363
0.593353
0.585971
0.575196
0.569676
0.566765
0.559706
0.554676
0.549863
0.545863
0.539363
0.535049
0.529294
0.519833
0.505539
0.494510
0.487108
0.479784
0.479137
0.476206
0.473275
0.476235
0.471902
0.461706
0.450412
0.442863
0.454549
0.468794
0.479343
0.479834
0.479539
0.481088
0.484559
0.488706
0.493912
0.494078
0.494667
0.492422
0.487569
0.476196
0.459863
0.437334
0.412010
0.385383
0.359892
0.338157
0.320549
0.306490
0.311598
0.289971
0.288284
0.291206
0.298667
0.306726
0.316863
0.324873
0.333912
0.346059
0.356343
0.370412
0.383549
0.396117
0.409412
0.420725
0.435255
0.451814
0.468912
0.483539
0.497040
0.511618
0.526970
0.539735
0.554647
0.570441
0.585500
0.598412
0.611480
0.622902
0.632304
0.639755
0.641873
0.645686
0.647823
0.645991
0.645442
0.645549
0.640265
0.633363
0.625804
0.618461
0.610049
0.596304
0.590020
0.581343
0.563608
0.547902
0.536010
0.528696
0.523216
0.520716
0.515902
0.511873
0.513530
0.516245
0.523990
0.532402
0.542431
0.547843
0.562667
0.574196
0.582755
0.590167
0.594990
0.597226
0.589118
0.573804
0.569225
0.566314
0.565893
0.562618
0.558902
0.552980
0.544794
0.540108
0.532206
0.524470
0.510912
0.500216
0.492912
0.484088
0.480480
0.477775
0.472882
0.474804
0.471118
0.463726
0.456931
0.450500
0.458539
0.474235
0.484010
0.487245
0.484725
0.483598
0.483716
0.488157
0.491912
0.491422
0.490598
0.487049
0.480265
0.467549
0.453304
0.433530
0.409157
0.382686
0.358657
0.338255
0.319843
0.312255
0.318549
0.290078
0.287127
0.287490
0.298284
0.305961
0.313451
0.322765
0.331598
0.342951
0.356157
0.367304
0.379451
0.392980
0.406304
0.418510
0.431559
0.450735
0.466755
0.479902
0.495902
0.509039
0.524461
0.541147
0.555637
0.567882
0.581068
0.595363
0.606334
0.617334
0.627451
0.633774
0.637333
0.641608
0.642196
0.640412
0.640010
0.639049
0.635314
0.626598
0.618304
0.609667
0.599951
0.588118
0.580265
0.567775
0.551275
0.537608
0.528686
0.516627
0.507686
0.503931
0.506363
0.503255
0.505774
0.505294
0.511431
0.522981
0.536333
0.543716
0.555804
0.567079
0.580755
0.588471
0.589755
0.591284
0.587794
0.579294
0.572902
0.570285
0.568608
0.566716
0.561863
0.557069
0.552823
0.545686
0.537627
0.528598
0.517333
0.504216
0.495314
0.485922
0.481069
0.478784
0.474138
0.476686
0.472481
0.465020
0.458363
0.454216
0.464088
0.475520
0.483578
0.485676
0.486049
0.486030
0.486931
0.487863
0.489284
0.489118
0.485255
0.482578
0.476461
0.462294
0.448265
0.426176
0.401245
0.379324
0.356980
0.337196
0.319725
0.320912
0.326343
0.285588
0.285892
0.289431
0.293196
0.300853
0.310382
0.320549
0.331206
0.341804
0.352628
0.362490
0.378588
0.393343
0.405961
0.415980
0.428245
0.445951
0.463451
0.476726
0.491892
0.507716
0.522353
0.536324
0.551383
0.565618
0.579167
0.591206
0.602902
0.613617
0.622598
0.629578
0.634922
0.638333
0.638529
0.635824
0.632657
0.631402
0.625520
0.618147
0.613069
0.605951
0.597088
0.581373
0.571432
0.564882
0.549627
0.533902
0.519627
0.512676
0.502775
0.498039
0.497725
0.492578
0.495382
0.494049
0.501882
0.514117
0.527510
0.538353
0.550686
0.562804
0.568402
0.582108
0.590638
0.590108
0.590343
0.582285
0.578706
0.574020
0.573853
0.571167
0.567971
0.560608
0.556186
0.551578
0.544274
0.535912
0.521902
0.508784
0.499265
0.492167
0.488245
0.484481
0.482961
0.483176
0.476500
0.469098
0.463628
0.460882
0.469078
0.478951
0.486853
0.488823
0.487951
0.487853
0.487137
0.487863
0.488441
0.484971
0.483706
0.477637
0.468618
0.457422
0.439735
0.419833
0.397353
0.374177
0.354657
0.336617
0.325392
0.327422
0.333873
0.286343
0.285529
0.287294
0.292686
0.297627
0.305382
0.318167
0.332382
0.339775
0.347637
0.358912
0.372255
0.386696
0.399402
0.412059
0.426029
0.441461
0.457588
0.470882
0.487431
0.504235
0.517128
0.529961
0.545471
0.559686
0.575274
0.586667
0.598059
0.610117
0.620255
0.624941
0.629588
0.634117
0.632579
0.629941
0.628961
0.624775
0.616873
0.610128
0.605500
0.599589
0.587912
0.575745
0.564363
0.553176
0.536451
0.522225
0.511392
0.507265
0.494726
0.498196
0.496382
0.488843
0.487539
0.487079
0.498088
0.509608
0.518343
0.532343
0.545873
0.556559
0.568510
0.579598
0.588138
0.590294
0.592961
0.588235
0.585333
0.583147
0.580794
0.575313
0.572265
0.567765
0.561373
0.556068
0.549530
0.540294
0.524696
0.510235
0.498716
0.492010
0.489412
0.488049
0.487765
0.481990
0.472608
0.467529
0.463471
0.463696
0.470177
0.480520
0.487706
0.488863
0.488627
0.487235
0.486519
0.484667
0.482667
0.481588
0.478990
0.473029
0.464736
0.450824
0.435647
0.415951
0.393480
0.372255
0.351010
0.335863
0.331598
0.334912
0.340873
0.286108
0.284000
0.286794
0.293265
0.294608
0.302157
0.315000
0.327608
0.336402
0.345912
0.355137
0.368118
0.380206
0.396970
0.409363
0.423824
0.437882
0.454863
0.469020
0.484755
0.497784
0.511951
0.527745
0.541549
0.556225
0.569794
0.581647
0.594951
0.606059
0.615490
0.621275
0.624490
0.627343
0.628029
0.626539
0.622422
0.618637
0.613167
0.604412
0.601108
0.594068
0.584480
0.574118
0.559608
0.547274
0.534951
0.521882
0.508353
0.503578
0.496216
0.490853
0.489657
0.480451
0.480049
0.487686
0.494628
0.504755
0.518020
0.529363
0.544853
0.557088
0.566755
0.581540
0.590108
0.592412
0.596774
0.593814
0.590382
0.589108
0.586921
0.581686
0.576784
0.570245
0.564931
0.557255
0.548676
0.542059
0.530882
0.512824
0.500118
0.495196
0.491941
0.492334
0.488461
0.482186
0.475245
0.469147
0.469735
0.470314
0.472980
0.480088
0.488657
0.488725
0.487843
0.487275
0.484941
0.482696
0.478863
0.476245
0.472608
0.467441
0.457412
0.443167
0.427373
0.406078
0.387226
0.365245
0.350255
0.341530
0.339559
0.341647
0.349422
0.286206
0.283216
0.283716
0.289598
0.296284
0.300941
0.309814
0.322716
0.335059
0.346157
0.353216
0.363873
0.376559
0.391863
0.407010
0.420755
0.434470
0.449216
0.464696
0.479824
0.497147
0.510284
0.523941
0.538608
0.552226
0.565343
0.579147
0.590069
0.601618
0.610941
0.616716
0.620020
0.623255
0.621618
0.619294
0.615313
0.610569
0.607559
0.602451
0.596971
0.593971
0.581882
0.569735
0.556392
0.545030
0.529657
0.514559
0.503637
0.500304
0.491784
0.489657
0.488774
0.478392
0.478971
0.488363
0.496873
0.505432
0.515451
0.526520
0.541559
0.555951
0.566020
0.576382
0.589010
0.596138
0.599176
0.593706
0.591343
0.591039
0.591265
0.585961
0.580118
0.572519
0.564245
0.558637
0.550382
0.541372
0.530304
0.517549
0.504323
0.497657
0.496421
0.495539
0.492490
0.484177
0.475676
0.469382
0.470873
0.474284
0.477245
0.484265
0.487549
0.488784
0.486814
0.482961
0.479735
0.476794
0.473912
0.470775
0.464353
0.457049
0.448755
0.435804
0.419833
0.400902
0.379255
0.360382
0.349451
0.346647
0.345392
0.351363
0.358206
0.285980
0.284059
0.283186
0.289471
0.291912
0.297912
0.308030
0.318784
0.333470
0.342618
0.352079
0.362098
0.373804
0.386568
0.402029
0.418872
0.431941
0.444912
0.459980
0.476530
0.492138
0.507078
0.520127
0.533902
0.549500
0.563441
0.574372
0.585098
0.596559
0.604844
0.611157
0.616598
0.617383
0.615931
0.613823
0.610343
0.606921
0.601392
0.598275
0.594206
0.590324
0.578814
0.567902
0.553745
0.538265
0.525755
0.509804
0.504059
0.500206
0.489892
0.489765
0.483637
0.476294
0.475088
0.481402
0.494608
0.509216
0.519412
0.528441
0.543039
0.561686
0.568843
0.575735
0.587608
0.593774
0.597980
0.597196
0.592343
0.593627
0.592421
0.589774
0.586667
0.574284
0.562941
0.556951
0.550196
0.542431
0.534186
0.522794
0.510324
0.500245
0.500010
0.501637
0.497000
0.488167
0.478304
0.471128
0.473167
0.477029
0.481372
0.487059
0.488921
0.487461
0.484206
0.481451
0.477922
0.474716
0.468853
0.464500
0.457461
0.450931
0.441412
0.427941
0.410422
0.391304
0.374167
0.362323
0.356255
0.351922
0.351392
0.358069
0.364931
0.288284
0.284843
0.286029
0.285343
0.289353
0.298402
0.308245
0.313598
0.324765
0.336980
0.348579
0.359147
0.370196
0.386402
0.397765
0.411559
0.425392
0.440794
0.455451
0.471588
0.487990
0.501255
0.514981
0.530157
0.544804
0.559010
0.570843
0.579676
0.591735
0.600657
0.606726
0.611206
0.612990
0.613383
0.609029
0.604853
0.602500
0.598706
0.592961
0.588226
0.583647
0.576167
0.567382
0.556588
0.536490
0.518833
0.507186
0.500912
0.493892
0.482784
0.485922
0.479098
0.470667
0.468716
0.473990
0.487863
0.506392
0.520677
0.525725
0.539784
0.557549
0.569372
0.577372
0.586902
0.595059
0.598902
0.596745
0.595313
0.595255
0.594010
0.590147
0.586275
0.577010
0.565304
0.556588
0.550618
0.542373
0.535481
0.526353
0.515353
0.503529
0.501177
0.504530
0.500353
0.492088
0.483324
0.479098
0.478245
0.482931
0.485745
0.486274
0.486549
0.484510
0.482569
0.477569
0.470883
0.466990
0.465755
0.458344
0.453706
0.445284
0.432500
0.418157
0.403431
0.388392
0.376255
0.365529
0.359912
0.356647
0.357500
0.364412
0.372225
0.289039
0.284647
0.286353
0.287490
0.286735
0.293422
0.302902
0.311520
0.320186
0.333784
0.343147
0.353882
0.360961
0.376314
0.392421
0.407088
0.421470
0.434520
0.450059
0.464088
0.479980
0.494833
0.507941
0.522284
0.537892
0.552774
0.565304
0.575853
0.586539
0.595343
0.601696
0.605000
0.606696
0.608539
0.605755
0.601471
0.599334
0.596363
0.591804
0.585686
0.582343
0.573804
0.563314
0.554480
0.537882
0.521176
0.504872
0.497510
0.489951
0.482922
0.478784
0.475265
0.473255
0.470618
0.474931
0.479177
0.495137
0.511461
0.525235
0.539108
0.555892
0.567373
0.573706
0.584265
0.593461
0.599725
0.597451
0.596598
0.595324
0.596285
0.592951
0.589020
0.578490
0.567461
0.557471
0.550069
0.540833
0.532686
0.525451
0.517716
0.507216
0.503853
0.505931
0.503627
0.495647
0.486569
0.482324
0.483569
0.487098
0.486343
0.486353
0.487186
0.484088
0.477559
0.470912
0.465569
0.463912
0.459451
0.454118
0.445010
0.437363
0.424118
0.410539
0.396627
0.385127
0.374343
0.366951
0.361657
0.361059
0.365294
0.371941
0.379686
0.291343
0.285814
0.284500
0.284578
0.287323
0.290392
0.300755
0.309324
0.317314
0.326735
0.340255
0.349392
0.358529
0.372794
0.389275
0.400618
0.415794
0.430460
0.443441
0.458647
0.471873
0.485863
0.500882
0.514480
0.528186
0.543059
0.556774
0.569578
0.578853
0.587686
0.594863
0.598079
0.600098
0.601117
0.599236
0.597627
0.596736
0.593657
0.593540
0.589872
0.583029
0.569627
0.558588
0.549500
0.535539
0.517775
0.506490
0.493128
0.488255
0.481686
0.474784
0.466137
0.464608
0.467186
0.467353
0.474568
0.495755
0.511000
0.526461
0.540030
0.552235
0.565696
0.570608
0.580961
0.591392
0.601255
0.599343
0.595529
0.595088
0.597961
0.592441
0.589284
0.580000
0.569882
0.561559
0.551775
0.542402
0.531000
0.524127
0.517667
0.507137
0.505961
0.507608
0.502961
0.494618
0.486647
0.484412
0.487206
0.487716
0.485432
0.483980
0.484127
0.480196
0.473382
0.465843
0.459520
0.454912
0.451118
0.445500
0.439079
0.428157
0.415579
0.402510
0.390657
0.380177
0.373569
0.367775
0.364618
0.366539
0.371775
0.378118
0.386980
0.298314
0.291294
0.284637
0.281186
0.282588
0.286118
0.292422
0.303696
0.313147
0.323147
0.333980
0.345265
0.355421
0.365598
0.379127
0.394726
0.408461
0.423480
0.437971
0.452275
0.464745
0.476725
0.492422
0.507784
0.521794
0.536951
0.550471
0.561647
0.574098
0.584029
0.590500
0.593902
0.595667
0.595422
0.595873
0.595333
0.591442
0.589255
0.587088
0.583863
0.577333
0.567421
0.555471
0.548823
0.535834
0.517461
0.506667
0.490834
0.481226
0.474500
0.473941
0.465912
0.461039
0.462814
0.468167
0.474686
0.491274
0.512431
0.529931
0.543922
0.555627
0.564657
0.571853
0.579098
0.590490
0.598431
0.601039
0.598412
0.595539
0.597461
0.592902
0.587274
0.580000
0.572392
0.563559
0.552696
0.542843
0.533196
0.524824
0.517049
0.509274
0.503568
0.503206
0.500843
0.495264
0.491079
0.489912
0.489696
0.485480
0.484245
0.483990
0.480755
0.476137
0.468677
0.461206
0.455432
0.451686
0.446353
0.439275
0.430451
0.421902
0.408579
0.394226
0.385647
0.378990
0.371539
0.370726
0.372667
0.372431
0.375902
0.383598
0.387863
0.301392
0.293990
0.288461
0.283510
0.281186
0.283226
0.287147
0.295618
0.309412
0.320500
0.330863
0.338961
0.349010
0.360166
0.369157
0.381725
0.400078
0.414980
0.432618
0.446676
0.457618
0.469539
0.484039
0.499069
0.512432
0.526667
0.541706
0.555637
0.565774
0.577147
0.584284
0.589049
0.587951
0.587304
0.589480
0.587373
0.584520
0.583373
0.584863
0.582608
0.576186
0.564833
0.556020
0.545902
0.532882
0.518706
0.504421
0.489539
0.476843
0.472716
0.474000
0.468461
0.463804
0.463363
0.466383
0.470167
0.486637
0.509049
0.528392
0.541932
0.553490
0.564118
0.573520
0.579471
0.590549
0.597049
0.601235
0.598833
0.595412
0.595333
0.592657
0.587088
0.582264
0.574401
0.563304
0.551637
0.539764
0.531530
0.523117
0.515755
0.507461
0.503225
0.501961
0.500020
0.496941
0.494422
0.492539
0.489559
0.484706
0.483088
0.479745
0.475951
0.469284
0.461137
0.456226
0.452970
0.448304
0.441471
0.433824
0.423873
0.412834
0.400402
0.391294
0.381520
0.375471
0.370853
0.372716
0.375853
0.379569
0.383186
0.387980
0.394735
0.300568
0.294324
0.289706
0.285598
0.282049
0.282863
0.287127
0.290765
0.299912
0.313549
0.323461
0.333824
0.343882
0.355422
0.364775
0.374912
0.390579
0.404784
0.422461
0.436402
0.449520
0.463294
0.475745
0.490118
0.502961
0.517598
0.531990
0.546039
0.559098
0.569294
0.576461
0.581235
0.581275
0.578833
0.579412
0.580520
0.578157
0.577314
0.579540
0.578726
0.573039
0.562520
0.553882
0.545863
0.531431
0.517490
0.504343
0.489206
0.480833
0.472569
0.474637
0.470667
0.470833
0.471323
0.472941
0.470137
0.483608
0.509471
0.530706
0.544539
0.555196
0.565451
0.574686
0.579863
0.589823
0.597490
0.599382
0.596647
0.595716
0.594657
0.593402
0.587078
0.582274
0.573039
0.564167
0.552971
0.544892
0.533794
0.523931
0.516206
0.508902
0.503784
0.501559
0.500539
0.498549
0.494833
0.489765
0.485274
0.481274
0.480696
0.477843
0.471892
0.465039
0.457167
0.450922
0.445824
0.438667
0.429922
0.422030
0.415412
0.403804
0.393686
0.384314
0.378647
0.375716
0.377510
0.379833
0.383108
0.385020
0.388412
0.392834
0.395304
0.304000
0.296225
0.293294
0.286333
0.280323
0.279519
0.283098
0.289490
0.295892
0.307069
0.316206
0.327157
0.337441
0.348265
0.359186
0.370333
0.383686
0.395176
0.411529
0.426176
0.440275
0.453941
0.467922
0.480637
0.493255
0.506020
0.520559
0.534363
0.547784
0.559951
0.567206
0.572186
0.575196
0.574010
0.573735
0.572539
0.576637
0.573991
0.572834
0.572824
0.568774
0.561696
0.551951
0.536186
0.527902
0.516039
0.505098
0.492736
0.480147
0.477451
0.470755
0.472265
0.478451
0.477167
0.479490
0.484765
0.490078
0.511618
0.527814
0.540519
0.553069
0.566824
0.574421
0.580461
0.587137
0.593970
0.595323
0.593422
0.591539
0.590461
0.589275
0.583363
0.577059
0.572510
0.563138
0.552627
0.543588
0.534529
0.526166
0.517598
0.509422
0.504598
0.502461
0.497921
0.494912
0.488098
0.484539
0.480039
0.477951
0.476657
0.471343
0.466176
0.459294
0.453039
0.446363
0.438186
0.430343
0.421667
0.411981
0.403745
0.396686
0.389030
0.383147
0.379079
0.378480
0.379098
0.381618
0.385177
0.388716
0.391578
0.394941
0.395627
0.306608
0.301951
0.294726
0.287480
0.283510
0.280735
0.279627
0.286676
0.293088
0.300735
0.311353
0.320716
0.332245
0.340461
0.350490
0.362343
0.376353
0.387882
0.404157
0.417216
0.431471
0.443912
0.456833
0.471824
0.486539
0.499677
0.511069
0.523225
0.536588
0.547824
0.558383
0.562530
0.565951
0.565579
0.567069
0.566628
0.568137
0.564481
0.567128
0.569824
0.563735
0.553020
0.547294
0.533696
0.523373
0.512461
0.505471
0.503069
0.489677
0.480098
0.474804
0.467598
0.476216
0.480980
0.483323
0.488559
0.501402
0.513990
0.529755
0.542775
0.551186
0.566235
0.577715
0.584265
0.588549
0.591520
0.592539
0.591245
0.590775
0.588902
0.586314
0.581461
0.572274
0.565363
0.558108
0.550127
0.541843
0.532530
0.524363
0.516177
0.509314
0.503255
0.499530
0.499784
0.493226
0.486961
0.482814
0.478912
0.474882
0.473853
0.467745
0.459873
0.453784
0.445863
0.437412
0.430569
0.421922
0.410971
0.402324
0.392059
0.385726
0.382921
0.382108
0.380461
0.380696
0.382020
0.385549
0.387363
0.388078
0.388853
0.388843
0.391079
0.312833
0.306186
0.299647
0.291225
0.283853
0.283784
0.279863
0.282706
0.290833
0.298833
0.305363
0.314471
0.323235
0.334039
0.342686
0.355059
0.366382
0.379490
0.392843
0.408941
0.420912
0.434794
0.447481
0.460128
0.472431
0.487892
0.500137
0.513873
0.525127
0.535990
0.544049
0.551863
0.556941
0.555490
0.557235
0.556637
0.559863
0.557823
0.561372
0.561422
0.556598
0.547941
0.542206
0.532186
0.520226
0.511804
0.504628
0.501216
0.493618
0.480608
0.471667
0.470667
0.475716
0.481441
0.484980
0.490608
0.502098
0.515941
0.528177
0.539735
0.550971
0.565460
0.574990
0.580745
0.589382
0.591676
0.593470
0.593304
0.588951
0.586784
0.583117
0.578520
0.571431
0.562833
0.552647
0.548206
0.542833
0.534363
0.525451
0.517696
0.509686
0.503657
0.497922
0.495628
0.491196
0.483980
0.480980
0.475431
0.468098
0.464990
0.459000
0.452441
0.441765
0.433902
0.426098
0.415706
0.406471
0.398824
0.393902
0.386206
0.380941
0.378382
0.378844
0.377500
0.376598
0.379676
0.383235
0.386392
0.389755
0.394971
0.396372
0.397823
0.314568
0.309039
0.300598
0.295177
0.289196
0.286559
0.283471
0.281157
0.285647
0.290588
0.301167
0.305961
0.317225
0.328451
0.336196
0.348225
0.360226
0.372510
0.386412
0.398667
0.412010
0.423294
0.435951
0.447647
0.459941
0.472363
0.487314
0.501588
0.512480
0.521902
0.529147
0.537980
0.544039
0.546196
0.545941
0.547314
0.549520
0.551784
0.552118
0.552372
0.549177
0.537843
0.532637
0.526166
0.516921
0.507931
0.503431
0.495206
0.490382
0.486118
0.479314
0.473853
0.478343
0.483039
0.483353
0.490255
0.501186
0.514647
0.532010
0.541353
0.549529
0.564794
0.571559
0.577029
0.584657
0.590412
0.589638
0.592000
0.587000
0.584020
0.578157
0.574079
0.569549
0.561118
0.552206
0.545343
0.538902
0.531706
0.524186
0.517382
0.507539
0.500245
0.493422
0.487853
0.482451
0.477902
0.476235
0.469265
0.463510
0.456088
0.449010
0.441804
0.436000
0.425059
0.411941
0.403490
0.396667
0.389098
0.380157
0.380000
0.377530
0.375735
0.373588
0.372245
0.375186
0.378637
0.379608
0.380921
0.382990
0.385176
0.389530
0.390931
0.318245
0.312941
0.307706
0.300912
0.294774
0.287794
0.284078
0.280735
0.284657
0.290402
0.294471
0.301745
0.310069
0.318657
0.328451
0.336392
0.347137
0.361010
0.375451
0.389324
0.401294
0.410922
0.421530
0.434892
0.448216
0.460608
0.472363
0.486951
0.498343
0.505736
0.515137
0.522451
0.530225
0.534490
0.536588
0.537069
0.539186
0.540618
0.542902
0.542059
0.541863
0.532167
0.525657
0.517892
0.511274
0.508490
0.500402
0.491510
0.486588
0.486696
0.479235
0.477294
0.477353
0.486735
0.489167
0.494137
0.503049
0.516314
0.530559
0.539520
0.548912
0.564529
0.572128
0.575716
0.581304
0.587823
0.585814
0.588216
0.584480
0.580853
0.572451
0.566588
0.563137
0.558137
0.549833
0.540794
0.532530
0.525216
0.518078
0.510461
0.503892
0.496716
0.490627
0.483627
0.476549
0.471863
0.466480
0.460755
0.454137
0.448216
0.438696
0.429834
0.418304
0.408412
0.399735
0.390108
0.381755
0.377020
0.376902
0.372736
0.370206
0.369196
0.367618
0.369176
0.370961
0.370167
0.367569
0.370686
0.377118
0.380176
0.377343
0.373490
0.321814
0.315941
0.311343
0.304117
0.300167
0.291471
0.284804
0.281039
0.281059
0.284029
0.291873
0.296510
0.302990
0.310529
0.320167
0.329755
0.336461
0.348853
0.360481
0.373951
0.386794
0.399274
0.408912
0.420667
0.432990
0.445912
0.458961
0.469951
0.483137
0.493941
0.501922
0.509255
0.514578
0.520559
0.523187
0.527627
0.529569
0.530588
0.530931
0.531961
0.531971
0.524804
0.521059
0.512510
0.507872
0.505804
0.493657
0.488490
0.485402
0.487039
0.482755
0.477137
0.477088
0.478892
0.485902
0.494470
0.504961
0.516961
0.528137
0.539265
0.550275
0.562677
0.569334
0.573510
0.580882
0.584559
0.583961
0.583833
0.578755
0.576549
0.568206
0.560235
0.556931
0.551422
0.545079
0.537637
0.528284
0.519902
0.511432
0.504343
0.498667
0.488931
0.480088
0.473824
0.469971
0.466569
0.459000
0.451461
0.442118
0.434020
0.424912
0.414343
0.402000
0.392608
0.384039
0.375059
0.368373
0.362510
0.353971
0.352804
0.351892
0.350677
0.348853
0.347706
0.348010
0.353461
0.355157
0.354333
0.360618
0.365226
0.365294
0.367735
0.323578
0.319980
0.315872
0.308627
0.302843
0.295951
0.286775
0.279422
0.277882
0.279265
0.285618
0.291186
0.296373
0.301823
0.309461
0.318539
0.329696
0.339392
0.349804
0.363353
0.373647
0.385098
0.396245
0.405480
0.416784
0.429667
0.441196
0.453549
0.464235
0.474833
0.482500
0.491451
0.497833
0.503726
0.505716
0.509304
0.516255
0.519000
0.520108
0.520696
0.519666
0.515559
0.512628
0.508147
0.503157
0.499863
0.493608
0.485157
0.481196
0.481226
0.483696
0.483500
0.481147
0.479510
0.483627
0.494510
0.503863
0.516764
0.526755
0.539225
0.547971
0.557892
0.565147
0.573137
0.576490
0.580265
0.578078
0.579186
0.574471
0.570676
0.563735
0.556029
0.549441
0.543578
0.538020
0.528451
0.520186
0.512275
0.504294
0.493333
0.485667
0.480304
0.472971
0.465598
0.459569
0.452696
0.444853
0.435451
0.428569
0.419598
0.410039
0.398775
0.386285
0.374500
0.364814
0.353794
0.347069
0.343765
0.339441
0.333196
0.333069
0.331716
0.330902
0.332206
0.336579
0.337539
0.340392
0.342765
0.344128
0.343402
0.346363
0.349569
0.324569
0.320137
0.318225
0.313412
0.307020
0.299833
0.291049
0.282618
0.278206
0.273912
0.274951
0.283010
0.291755
0.298284
0.300079
0.306735
0.318255
0.326951
0.333961
0.348951
0.361951
0.370774
0.382804
0.393343
0.402559
0.415167
0.425412
0.435196
0.444853
0.454480
0.463549
0.469324
0.477833
0.485441
0.489804
0.491471
0.496549
0.501314
0.505275
0.506020
0.505029
0.503206
0.503961
0.500245
0.499814
0.494098
0.485412
0.481333
0.474961
0.472824
0.475902
0.478588
0.479039
0.478373
0.482706
0.492422
0.502529
0.513902
0.523843
0.533255
0.541157
0.550735
0.558411
0.563931
0.571196
0.575049
0.571951
0.568873
0.565520
0.562010
0.555666
0.548500
0.541196
0.534696
0.528843
0.520843
0.511363
0.503853
0.496382
0.486735
0.477421
0.469706
0.461667
0.453990
0.444843
0.435961
0.426677
0.419137
0.408608
0.397578
0.385019
0.373275
0.359833
0.346863
0.337971
0.332314
0.325941
0.322402
0.321422
0.320706
0.315500
0.313637
0.312265
0.316637
0.321843
0.325657
0.328441
0.327696
0.324912
0.327372
0.334049
0.344637
0.326284
0.322647
0.319549
0.314892
0.308167
0.300098
0.292853
0.285814
0.281020
0.274608
0.272774
0.274196
0.280392
0.287892
0.294853
0.301383
0.306628
0.317775
0.324216
0.331137
0.344078
0.356765
0.365882
0.374637
0.384500
0.396245
0.407432
0.416873
0.427824
0.435804
0.443451
0.450863
0.456088
0.462255
0.469343
0.475118
0.479049
0.482863
0.485941
0.486323
0.486696
0.484118
0.483471
0.483578
0.487794
0.487549
0.483275
0.480010
0.474775
0.468755
0.471549
0.473255
0.475392
0.476098
0.481000
0.488765
0.497647
0.507304
0.514343
0.527608
0.536520
0.544549
0.551363
0.556726
0.561167
0.562236
0.558343
0.556637
0.554568
0.549804
0.541892
0.535882
0.531421
0.525421
0.519108
0.510931
0.501912
0.493353
0.484039
0.475088
0.467196
0.456882
0.447314
0.437304
0.429235
0.418804
0.404863
0.392206
0.379990
0.369078
0.356304
0.340902
0.329186
0.317677
0.311804
0.306549
0.304255
0.301794
0.299128
0.302098
0.301510
0.300372
0.298441
0.298863
0.299176
0.305059
0.310882
0.319049
0.326029
0.332235
0.337539
0.344618
0.327118
0.323422
0.319186
0.315539
0.312147
0.304726
0.296961
0.288520
0.284382
0.277784
0.273422
0.270608
0.271588
0.277265
0.284539
0.292373
0.297784
0.300412
0.311755
0.321569
0.328294
0.337000
0.349176
0.359481
0.365902
0.373441
0.386196
0.396039
0.406814
0.416373
0.425402
0.431529
0.436039
0.440833
0.446245
0.452108
0.458510
0.462500
0.466637
0.467686
0.466715
0.464863
0.463765
0.463765
0.468451
0.474706
0.475922
0.471598
0.467814
0.463245
0.465608
0.465686
0.468824
0.470696
0.475412
0.484833
0.490137
0.498980
0.507490
0.514892
0.520990
0.532775
0.540863
0.547196
0.551412
0.548098
0.544912
0.545177
0.541431
0.536647
0.533040
0.528735
0.522608
0.516000
0.508490
0.497990
0.488843
0.478951
0.470412
0.462137
0.451931
0.439412
0.431000
0.417608
0.403196
0.389471
0.377157
0.365039
0.353020
0.336471
0.322784
0.309520
0.298226
0.289667
0.283078
0.282118
0.282216
0.285127
0.285549
0.284382
0.289245
0.291647
0.292324
0.294706
0.294775
0.298990
0.306088
0.308863
0.315902
0.324059
0.330314
0.336706
0.329716
0.327166
0.324098
0.317784
0.314471
0.310186
0.300853
0.293853
0.285677
0.280294
0.274794
0.274235
0.272706
0.270382
0.275637
0.280990
0.287147
0.293824
0.296873
0.307137
0.315196
0.323529
0.331804
0.342932
0.352539
0.361353
0.369902
0.377236
0.385049
0.393373
0.402284
0.408343
0.414039
0.416657
0.420333
0.427735
0.434029
0.437941
0.443167
0.446451
0.447922
0.445176
0.442961
0.444078
0.449098
0.452137
0.458765
0.457647
0.457196
0.454324
0.457235
0.458559
0.458225
0.462902
0.465392
0.471353
0.478990
0.485598
0.494353
0.504647
0.513177
0.521432
0.526813
0.535912
0.538206
0.537980
0.534922
0.534667
0.531324
0.524216
0.519843
0.514794
0.510961
0.504696
0.493725
0.484627
0.475275
0.466784
0.455471
0.444951
0.434471
0.421598
0.406588
0.390765
0.375108
0.362265
0.348951
0.333431
0.318970
0.306745
0.296314
0.289059
0.282304
0.276265
0.272236
0.271598
0.272627
0.270794
0.270814
0.271088
0.272422
0.278059
0.282883
0.286569
0.288745
0.288814
0.294902
0.303451
0.308873
0.313677
0.322167
0.332471
0.328951
0.327667
0.327323
0.320774
0.313951
0.313059
0.305941
0.298608
0.292284
0.285402
0.278863
0.273765
0.271667
0.269451
0.270598
0.275471
0.278539
0.285284
0.288265
0.292608
0.301284
0.308745
0.318814
0.326373
0.336902
0.344755
0.354108
0.362510
0.369735
0.377314
0.384441
0.389137
0.392039
0.398422
0.399235
0.401980
0.409814
0.413412
0.418314
0.421637
0.423471
0.423696
0.423588
0.422980
0.423196
0.430245
0.434480
0.434176
0.432549
0.435608
0.435402
0.435167
0.437431
0.442775
0.448000
0.454725
0.461480
0.470294
0.482333
0.491324
0.500618
0.504235
0.511186
0.520029
0.524128
0.523078
0.520255
0.515235
0.509657
0.505824
0.500922
0.495461
0.492000
0.484559
0.477500
0.470137
0.460363
0.450314
0.439657
0.425696
0.412167
0.396402
0.379422
0.363863
0.346912
0.333265
0.318882
0.306098
0.296941
0.288461
0.282519
0.276735
0.271304
0.269216
0.267676
0.265637
0.263167
0.263843
0.263912
0.266990
0.267588
0.267686
0.270461
0.274461
0.282098
0.285235
0.288559
0.297608
0.307039
0.317029
0.327990
0.338098
0.330118
0.327255
0.326010
0.322422
0.316912
0.310225
0.307098
0.304304
0.296569
0.290078
0.282932
0.274608
0.272373
0.269392
0.267814
0.265510
0.268882
0.270980
0.276363
0.282627
0.290157
0.298549
0.301432
0.310226
0.318755
0.327990
0.336559
0.343667
0.353618
0.359069
0.366333
0.373628
0.376510
0.379461
0.381441
0.381010
0.384598
0.390971
0.392990
0.395843
0.397255
0.397902
0.396892
0.397137
0.396128
0.401941
0.409921
0.410215
0.411421
0.413627
0.415520
0.413794
0.415392
0.419098
0.425461
0.436314
0.446598
0.457137
0.471039
0.479588
0.482186
0.488137
0.490980
0.497353
0.501010
0.497941
0.497696
0.498598
0.497921
0.499882
0.496951
0.490853
0.483255
0.476480
0.466657
0.453833
0.440951
0.430951
0.418147
0.404569
0.389314
0.373039
0.357559
0.338215
0.322039
0.307892
0.295323
0.284921
0.279529
0.272774
0.266765
0.262118
0.259990
0.259177
0.255667
0.254284
0.252725
0.253637
0.255137
0.254353
0.258206
0.259118
0.261127
0.267421
0.272196
0.282961
0.290539
0.294765
0.302098
0.315667
0.328726
0.336255
0.330892
0.329068
0.327980
0.327372
0.320804
0.315735
0.309863
0.305079
0.302745
0.293853
0.287735
0.279265
0.270990
0.268441
0.266235
0.264186
0.262333
0.263255
0.268167
0.273186
0.278941
0.284186
0.289108
0.294363
0.302794
0.312039
0.320961
0.330157
0.334392
0.338471
0.344186
0.349029
0.353176
0.356098
0.358647
0.361010
0.359598
0.360785
0.365049
0.366373
0.369206
0.369157
0.370990
0.371686
0.368706
0.372863
0.379696
0.379872
0.382578
0.387412
0.389608
0.390225
0.395627
0.400598
0.405000
0.413980
0.427941
0.439520
0.446176
0.452971
0.461412
0.467020
0.474872
0.480206
0.480206
0.482029
0.485157
0.487206
0.487882
0.485794
0.480706
0.478667
0.472333
0.463490
0.451667
0.440157
0.426794
0.414932
0.400147
0.386422
0.372225
0.350951
0.331892
0.315520
0.301667
0.288922
0.280216
0.272941
0.266971
0.263049
0.258088
0.252353
0.247863
0.245765
0.245873
0.246480
0.247520
0.248020
0.246127
0.247284
0.249265
0.257108
0.259784
0.261471
0.269716
0.275539
0.286265
0.297716
0.309265
0.315785
0.323588
0.335275
0.333059
0.331323
0.330235
0.328402
0.325784
0.321520
0.315608
0.310657
0.304412
0.299275
0.291559
0.282824
0.276108
0.271382
0.267627
0.263971
0.261902
0.259892
0.260873
0.263431
0.267314
0.272902
0.278735
0.286765
0.291843
0.296598
0.301637
0.307490
0.318745
0.325226
0.330118
0.329824
0.331480
0.333402
0.334206
0.336118
0.337510
0.336657
0.336451
0.336657
0.337324
0.337373
0.340010
0.342186
0.343853
0.339833
0.343961
0.349657
0.349461
0.351882
0.352784
0.358343
0.362108
0.366461
0.373147
0.383598
0.395235
0.404520
0.414735
0.425912
0.436294
0.445441
0.450725
0.455127
0.460706
0.464186
0.471980
0.473157
0.474098
0.473598
0.470431
0.464225
0.456598
0.448510
0.436833
0.427245
0.415549
0.400980
0.386304
0.371451
0.353559
0.332098
0.313275
0.298324
0.282402
0.270676
0.263951
0.259314
0.254873
0.249314
0.246226
0.244628
0.241471
0.238961
0.238255
0.240627
0.240765
0.242598
0.244559
0.246186
0.249216
0.254490
0.259794
0.262775
0.267128
0.274128
0.281559
0.292118
0.304873
0.319245
0.330147
0.340098
0.332794
0.332010
0.330225
0.328314
0.328245
0.325382
0.321863
0.318706
0.311363
0.303912
0.297118
0.290559
0.282578
0.275647
0.268098
0.261461
0.258451
0.256422
0.258186
0.258490
0.262755
0.267961
0.271588
0.276078
0.282598
0.284019
0.287549
0.289843
0.295284
0.305490
0.313667
0.317167
0.318402
0.316265
0.315029
0.313833
0.314333
0.313402
0.314412
0.313382
0.312059
0.308108
0.305324
0.304216
0.306843
0.308569
0.310951
0.314853
0.317726
0.320118
0.323735
0.330402
0.335363
0.342706
0.354863
0.364784
0.374872
0.386716
0.398598
0.406735
0.415598
0.426539
0.439265
0.445432
0.448422
0.452098
0.451500
0.450843
0.456873
0.460725
0.459196
0.453519
0.447245
0.438137
0.429716
0.417215
0.399696
0.384451
0.368716
0.352422
0.329774
0.306216
0.291039
0.278284
0.266931
0.261088
0.255608
0.251971
0.248814
0.245010
0.242843
0.239706
0.238324
0.239059
0.237980
0.239921
0.240892
0.244598
0.245088
0.246480
0.246647
0.248137
0.253696
0.260284
0.267245
0.270186
0.275922
0.285294
0.295804
0.306618
0.322245
0.332304
0.333922
0.331294
0.329794
0.328392
0.327794
0.326422
0.323774
0.320059
0.318471
0.310902
0.304255
0.296941
0.291157
0.282569
0.276980
0.267412
0.260471
0.255843
0.255392
0.257186
0.257598
0.259853
0.261471
0.266206
0.272353
0.277196
0.275402
0.278108
0.281912
0.283510
0.288990
0.294235
0.296843
0.299078
0.297539
0.295471
0.295118
0.294284
0.289814
0.286098
0.283343
0.279667
0.276500
0.281235
0.281275
0.280530
0.284657
0.291069
0.297294
0.301588
0.309902
0.315765
0.324735
0.330480
0.335108
0.348441
0.362647
0.372765
0.383735
0.392402
0.401873
0.414618
0.425510
0.431000
0.434863
0.436137
0.436216
0.438383
0.444784
0.451510
0.451010
0.446431
0.436853
0.427039
0.417392
0.399814
0.380745
0.363392
0.350725
0.335912
0.311568
0.290872
0.276157
0.265206
0.258784
0.256520
0.254147
0.249069
0.244579
0.243000
0.239696
0.238226
0.237039
0.237765
0.240461
0.242451
0.242529
0.241157
0.241196
0.241774
0.243000
0.247000
0.252990
0.258794
0.264941
0.272373
0.275343
0.278324
0.288118
0.298491
0.310735
0.322745
0.334206
0.333176
0.331931
0.329735
0.328402
0.326157
0.324568
0.322970
0.319461
0.316539
0.311167
0.302588
0.297255
0.290324
0.283980
0.277657
0.269755
0.262657
0.257608
0.253588
0.252422
0.253000
0.256971
0.259225
0.259363
0.265441
0.270922
0.267990
0.269422
0.269020
0.271216
0.273353
0.274559
0.274157
0.274363
0.273755
0.274833
0.273706
0.274716
0.272284
0.267196
0.265098
0.261716
0.258147
0.262578
0.264941
0.271637
0.279176
0.281412
0.285471
0.288324
0.294314
0.305951
0.318029
0.329618
0.340490
0.350971
0.364177
0.379265
0.390030
0.400951
0.411706
0.418363
0.422412
0.421627
0.426794
0.427608
0.432020
0.432843
0.434833
0.431265
0.424314
0.415480
0.405128
0.389382
0.371853
0.357774
0.346304
0.332137
0.314990
0.296000
0.278274
0.267412
0.261686
0.258804
0.253186
0.250324
0.247882
0.247010
0.243196
0.239118
0.235461
0.235598
0.236431
0.240412
0.244853
0.246755
0.246333
0.244206
0.240588
0.239088
0.240010
0.247941
0.256706
0.261382
0.265088
0.272382
0.283510
0.289981
0.295186
0.302324
0.320108
0.334892
0.334127
0.333706
0.332441
0.329490
0.328245
0.326902
0.323951
0.321961
0.316412
0.314314
0.307980
0.302765
0.298343
0.290490
0.284471
0.276961
0.270804
0.266441
0.259922
0.253373
0.252706
0.251588
0.253872
0.253735
0.250902
0.253471
0.256608
0.258186
0.258873
0.257333
0.258078
0.258667
0.262000
0.261598
0.259745
0.259951
0.258304
0.254970
0.257892
0.256902
0.253373
0.253980
0.250951
0.251010
0.258206
0.261755
0.265951
0.266922
0.267500
0.272010
0.281127
0.298265
0.309382
0.322284
0.334873
0.347549
0.364069
0.377627
0.391098
0.401902
0.409774
0.415343
0.416843
0.417353
0.421902
0.421265
0.420127
0.420529
0.415667
0.410882
0.401176
0.392912
0.382588
0.368578
0.349020
0.334618
0.324176
0.311882
0.300343
0.286108
0.273902
0.265363
0.264078
0.259284
0.254216
0.249657
0.246333
0.245343
0.242137
0.240216
0.237755
0.236951
0.237667
0.237147
0.243069
0.246353
0.247912
0.248245
0.248255
0.245961
0.243588
0.246304
0.254059
0.260108
0.263598
0.271843
0.283941
0.287922
0.296177
0.305333
0.312363
0.334108
0.333882
0.334098
0.332892
0.331137
0.329461
0.327716
0.326990
0.324696
0.321402
0.318667
0.314784
0.309628
0.304039
0.299020
0.291000
0.286304
0.278343
0.273167
0.269177
0.263069
0.258529
0.255098
0.254196
0.254294
0.250304
0.248147
0.249304
0.249078
0.248245
0.248088
0.246726
0.246333
0.245971
0.252343
0.252245
0.250549
0.250421
0.249382
0.245284
0.243049
0.244578
0.244588
0.248922
0.248892
0.249902
0.252784
0.252863
0.256284
0.263892
0.272696
0.283931
0.296794
0.304588
0.316490
0.330873
0.344108
0.358627
0.370853
0.382539
0.393265
0.403353
0.412892
0.412863
0.411539
0.409627
0.403941
0.401598
0.400108
0.397510
0.390137
0.378833
0.371794
0.360049
0.341520
0.327304
0.315137
0.307333
0.299353
0.288010
0.276510
0.267421
0.262127
0.259147
0.255902
0.251628
0.247206
0.244843
0.244206
0.245980
0.244245
0.243990
0.243294
0.241961
0.240569
0.243912
0.246598
0.249725
0.250775
0.251323
0.249774
0.247598
0.249176
0.254608
0.257539
0.263216
0.266431
0.275431
0.282902
0.292530
0.305333
0.314226
0.335068
0.334990
0.333304
0.334098
0.331970
0.330216
0.328677
0.327579
0.325157
0.322324
0.320284
0.317471
0.312990
0.308824
0.305432
0.301167
0.292843
0.286137
0.280167
0.276941
0.274706
0.269098
0.264441
0.258804
0.254333
0.252510
0.248559
0.245500
0.247176
0.245226
0.245333
0.247853
0.245196
0.239833
0.238147
0.242245
0.242079
0.241029
0.242059
0.242618
0.241824
0.239490
0.241569
0.243098
0.242971
0.243422
0.247892
0.255372
0.260735
0.269000
0.277892
0.288941
0.298735
0.308774
0.324127
0.334108
0.343578
0.353804
0.358941
0.371265
0.382226
0.388157
0.392873
0.398481
0.397255
0.392137
0.388382
0.384559
0.379549
0.374853
0.367117
0.353235
0.341049
0.329637
0.318970
0.307696
0.299127
0.294225
0.285412
0.276421
0.268500
0.263020
0.258039
0.251833
0.249520
0.247510
0.246716
0.245471
0.245382
0.246225
0.248284
0.247304
0.244627
0.244863
0.245196
0.244608
0.246020
0.244971
0.245765
0.248245
0.247853
0.250892
0.254353
0.258235
0.260951
0.262657
0.267137
0.271588
0.276549
0.287883
0.296961
0.307481
0.333676
0.334549
0.335755
0.334598
0.333451
0.332363
0.330108
0.327226
0.328000
0.326804
0.324157
0.322225
0.318745
0.314225
0.310225
0.304284
0.299480
0.292500
0.286078
0.282980
0.280598
0.274961
0.272402
0.268029
0.262030
0.259647
0.255951
0.250804
0.248343
0.245922
0.244814
0.244902
0.246490
0.245059
0.240029
0.237137
0.238441
0.238176
0.240794
0.242225
0.239490
0.238843
0.240167
0.241765
0.240824
0.242882
0.247863
0.256412
0.264951
0.272294
0.279922
0.289608
0.297265
0.306941
0.319059
0.327118
0.335843
0.345725
0.357500
0.364510
0.366539
0.367716
0.368971
0.372696
0.370029
0.366961
0.363049
0.353490
0.350422
0.342402
0.331363
0.320451
0.313421
0.307108
0.298794
0.288608
0.283519
0.279608
0.275941
0.268598
0.260794
0.257069
0.255500
0.256118
0.254745
0.250676
0.249853
0.250402
0.250441
0.249775
0.248284
0.248010
0.247931
0.245971
0.245078
0.247765
0.248274
0.247304
0.244598
0.245676
0.250216
0.250588
0.254402
0.259647
0.263765
0.264578
0.269294
0.273226
0.274441
0.279677
0.292177
0.297392
0.332863
0.333912
0.335068
0.334617
0.335510
0.334206
0.333000
0.330010
0.328157
0.329068
0.329059
0.325294
0.321412
0.318725
0.315549
0.310931
0.304980
0.299588
0.293971
0.289608
0.285470
0.283745
0.280814
0.278226
0.276539
0.272343
0.268696
0.263735
0.259176
0.254255
0.249784
0.245382
0.243471
0.244784
0.245529
0.244196
0.242804
0.241804
0.243186
0.239471
0.241637
0.242843
0.243892
0.249422
0.254941
0.256980
0.259471
0.266588
0.275471
0.279990
0.286441
0.295382
0.300657
0.309598
0.322588
0.336157
0.342392
0.350098
0.352333
0.353863
0.355941
0.354284
0.350225
0.344274
0.339314
0.336186
0.337127
0.334921
0.329657
0.320363
0.311549
0.304265
0.297539
0.291176
0.283686
0.281000
0.276892
0.269127
0.264892
0.261510
0.259706
0.257706
0.254245
0.252686
0.253314
0.256716
0.256196
0.252520
0.252216
0.252020
0.250735
0.250725
0.249118
0.248676
0.247951
0.250118
0.252098
0.250510
0.249628
0.248853
0.248706
0.252255
0.254294
0.258000
0.261745
0.263755
0.268235
0.272686
0.276324
0.281912
0.291039
0.300745
0.332823
0.333657
0.332735
0.333892
0.335167
0.334980
0.333931
0.333667
0.330020
0.329735
0.329618
0.328794
0.326481
0.321284
0.316392
0.313118
0.310588
0.306667
0.301431
0.297010
0.294637
0.291314
0.289814
0.286892
0.282471
0.277177
0.276500
0.274363
0.270343
0.265353
0.258216
0.254716
0.250588
0.248598
0.245353
0.246333
0.248275
0.249647
0.248059
0.249549
0.248980
0.249029
0.250814
0.255931
0.264353
0.268275
0.273823
0.281098
0.288461
0.297559
0.305000
0.312824
0.320137
0.326186
0.333961
0.341059
0.343098
0.342343
0.340500
0.339108
0.337412
0.336588
0.333353
0.331088
0.328382
0.325304
0.317304
0.309529
0.301186
0.296529
0.290961
0.285108
0.278470
0.273519
0.269735
0.266196
0.265529
0.264912
0.263520
0.260441
0.259118
0.258480
0.257775
0.256078
0.255922
0.253490
0.253127
0.254265
0.254872
0.254961
0.254363
0.251833
0.252304
0.251922
0.250039
0.250275
0.253412
0.251814
0.248755
0.246157
0.246441
0.249990
0.254461
0.259265
0.261284
0.263392
0.267598
0.273794
0.277235
0.283726
0.291088
0.302500
0.331823
0.332706
0.334118
0.333921
0.334196
0.334166
0.334617
0.334470
0.334598
0.332628
0.329951
0.328980
0.329500
0.327882
0.322882
0.317627
0.314706
0.312765
0.309216
0.303804
0.298275
0.295137
0.296157
0.293628
0.290598
0.286608
0.281324
0.278431
0.277255
0.275118
0.272814
0.269637
0.265206
0.260549
0.257804
0.256372
0.257618
0.260892
0.262167
0.262510
0.261059
0.262980
0.266578
0.267274
0.269755
0.275392
0.283020
0.291039
0.294549
0.298284
0.303500
0.307549
0.314706
0.321176
0.327647
0.330490
0.331814
0.333971
0.332245
0.326686
0.322353
0.317951
0.314990
0.311265
0.305137
0.299647
0.298019
0.294529
0.290510
0.284196
0.280676
0.276520
0.272755
0.269647
0.267137
0.264853
0.263990
0.263872
0.262922
0.263529
0.261098
0.257520
0.256088
0.254422
0.254422
0.254402
0.254010
0.252167
0.252402
0.251980
0.249892
0.249667
0.248853
0.249833
0.250471
0.249961
0.253677
0.252637
0.249353
0.248274
0.245284
0.247657
0.252118
0.256000
0.261863
0.263833
0.269784
0.274098
0.277883
0.282451
0.289216
0.298559
0.331794
0.332382
0.333167
0.333245
0.333941
0.334039
0.334206
0.334206
0.333922
0.333284
0.331284
0.332500
0.331235
0.329941
0.326657
0.322892
0.320529
0.317049
0.313706
0.311206
0.303206
0.299353
0.299059
0.297882
0.294657
0.294177
0.292951
0.288588
0.284598
0.282294
0.281480
0.280147
0.275608
0.272706
0.272931
0.272353
0.269637
0.268235
0.267471
0.269480
0.273059
0.272451
0.273774
0.277833
0.278696
0.282706
0.288931
0.292510
0.298255
0.302774
0.305069
0.309824
0.312804
0.316039
0.319471
0.320216
0.318559
0.321510
0.320843
0.320451
0.316069
0.312059
0.308108
0.301657
0.295461
0.292392
0.290372
0.288951
0.286657
0.284069
0.281226
0.276666
0.272412
0.270039
0.268020
0.267539
0.266912
0.265186
0.262745
0.260755
0.260461
0.258314
0.255314
0.253833
0.253559
0.252676
0.252735
0.254265
0.253833
0.254598
0.253745
0.251029
0.249784
0.250676
0.248716
0.250559
0.253873
0.253039
0.253059
0.251569
0.249490
0.249314
0.254157
0.259412
0.262059
0.264833
0.271382
0.280412
0.283529
0.282383
0.289422
0.296088
